200 20
12675	41388.23828125	28232	44549.33984375	37727	45117.75	8795	45809.19921875	27572	45927.62890625	16050	46150.421875	28477	46658.46484375	12109	46785.18359375	47852	46898.36328125	12343	47008.8125	47576	47356.125	50768	47453.46875	50654	47531.18359375	3745	47700.1640625	1901	49046.7265625	1965	49808.4296875	18379	49868.171875	46273	50419.953125	45282	50465.95703125	9079	50633.71875	
10029	56946.15234375	38622	57441.734375	49607	58302.24609375	14992	59097.46484375	40051	60507.63671875	41117	61030.52734375	47426	61114.453125	29329	61452.94140625	44985	61514.62890625	22877	62231.2578125	29649	62759.31640625	9495	62918.42578125	46576	62957.2890625	12335	63241.44921875	3508	63259.58203125	20831	63438.546875	5048	64189.83203125	15487	64223.47265625	50523	64294.70703125	5908	64310.81640625	
39615	14654.140625	1172	15251.2568359375	17879	16146.646484375	40087	17097.2109375	46442	19200.98828125	17502	19727.53125	42782	19771.1328125	19129	20137.30859375	52922	20260.669921875	444	21927.22265625	30678	22201.689453125	1551	22281.1640625	3578	22464.927734375	51608	22506.138671875	17991	22760.494140625	20443	23132.904296875	408	23151.904296875	36257	23709.353515625	21481	24389.349609375	8380	24503.96484375	
50367	48782.96484375	5895	52663.21484375	16700	57319.25	45819	59467.84375	37147	59577	19827	59629.98828125	3133	60032.65234375	12901	60119.59375	9963	60248.6875	49043	60546.08203125	10172	60551.44921875	38498	60599.31640625	52680	60703.59375	7289	60952.8359375	17941	61010.5078125	43244	61147.15234375	14405	61203.7734375	22638	61237.1015625	9089	61359.73828125	27405	61404.59765625	
18035	29807.173828125	26538	34980.16015625	46707	35708.890625	34669	37424.22265625	28728	38239.70703125	46568	40222.6171875	14651	40240.16796875	28174	40500.24609375	21083	41324.7109375	5487	42579.37890625	16690	42609.61328125	32959	42851.5546875	28151	42954.2578125	10460	43135.64453125	52502	43592.5859375	4067	43843.98046875	27437	43853.6328125	2103	44120.18359375	39455	44799.89453125	20783	44880.46875	
22290	31429.693359375	42385	33802.89453125	22886	37948.9296875	22006	38587.359375	23689	38666.71875	47780	38951.08984375	14380	39683.43359375	52470	40223.9609375	46415	40531.30078125	34533	40797.5078125	2422	40916.203125	16703	41473.92578125	6806	41929.5546875	19087	41943.00390625	32910	42024.09375	37567	42049.45703125	27173	42249.7578125	41982	42456.390625	27038	42579.0078125	23649	42580.765625	
1801	49686.2890625	50457	52637.7421875	10278	52917.87890625	30361	54805.43359375	16042	55129.33984375	28256	56372.9765625	290	57093.64453125	8813	57280.1640625	24374	57678.36328125	45316	57982.99609375	49570	58262.171875	50904	58363.1953125	35030	58385.578125	40801	58600.8515625	40537	59127.47265625	14500	59296.34375	51188	59395.21484375	19242	59460.7421875	39898	60113.2734375	30998	60625.1875	
39885	45442.51171875	10931	47277.69140625	3830	48741.9453125	45554	48909.09765625	43244	48957.8046875	31114	48978.3671875	47029	49075.296875	48720	49187.96484375	31021	49420.16796875	48020	49447.734375	28115	49637.33984375	6243	49762.73046875	18514	49845.88671875	5579	50023.890625	44935	50316.25390625	22157	50594.91015625	36802	50826.82421875	30255	50876.86328125	7245	51331.8046875	1677	51388.77734375	
38192	44320.6015625	24560	48811.59375	591	49374.5078125	1974	50525.703125	12202	50757.59765625	49026	51271.8671875	45758	51325	47197	51673.4296875	8061	52026.48046875	13321	52575.1015625	42846	52629.046875	17423	53407.91015625	39205	54127.4453125	37683	54157.3046875	30180	54217.25	8676	54269.4921875	19582	54418.94921875	19875	54620.7890625	36118	54685.6953125	1590	54748.44921875	
41841	43843.44921875	41061	49565.31640625	13245	49985.26953125	32279	52110.578125	51842	52867.4921875	45017	56071.19921875	9405	56131.81640625	948	56282.2734375	3819	56664.76953125	30965	58162.06640625	21456	58859.6328125	31430	59198.59375	18313	59225.02734375	13389	59399.99609375	29794	60541.47265625	20411	60775.83203125	10227	60881.83984375	47702	60947.46484375	47137	61231.9609375	30875	61354.484375	
24881	40124.2421875	37735	40281.37109375	13477	42209.703125	10805	43163.59375	36833	43224.48828125	34856	45589.09765625	29402	46923.7890625	13173	47347.515625	52136	48040.8359375	25608	48223.84765625	1147	49088.36328125	49498	49355.6015625	43376	49913.30859375	52722	50950.65625	47204	50963.515625	35869	52659.60546875	1768	54163.953125	4017	54204.60546875	30167	55175.50390625	11684	55305.7734375	
47812	33110.07421875	46753	34425.625	8582	35675.06640625	40512	36283.05859375	1357	37226.1328125	10863	41842.93359375	38289	41973	35476	42098.91796875	38867	42226.96875	20042	42432.94921875	24552	42660.65234375	12847	43186.24609375	20441	43515.85546875	15979	43525.7109375	11802	43534.41796875	20141	44008.703125	19685	44072.859375	24229	44215.9140625	30373	44411.6484375	21267	44567.73046875	
48560	60351.24609375	30852	60822.171875	11342	60873.390625	32708	62254.49609375	35039	62701.265625	19524	62870.87109375	33720	63153.75	49589	63701.3515625	22221	64512.64453125	42327	64670.62890625	47345	65405.45703125	33927	65455.66796875	41401	65549.421875	26325	65664.0390625	2060	66127.640625	29988	66376.9921875	45306	66407.203125	21003	66543.5703125	16826	66665.2890625	15902	66771.0859375	
3454	27274.29296875	27984	27484.228515625	43714	27665.669921875	16131	27880.626953125	28616	30171.80078125	12751	30414.724609375	34967	31452.130859375	2343	31795.150390625	16614	32246.740234375	31279	32900.58984375	4454	33114.82421875	46392	33223.44921875	47064	33798.50390625	37456	34032.30859375	49550	34407.2109375	50184	34707.09765625	14568	34753.13671875	15570	34775.73046875	38290	34849.515625	27068	34971.921875	
28645	15440.17578125	19530	18186.818359375	11972	20410.05078125	31421	21187.87109375	36209	21420.21875	12739	21990.490234375	42462	22805.859375	47002	22843.75390625	42559	22883.990234375	20035	23072.443359375	8344	23484.63671875	5961	23674.76953125	14410	23739.353515625	38938	23778.0546875	5511	23843.94921875	5666	24073.0078125	44451	24187.017578125	11852	24290.37890625	38714	24465.986328125	43773	24761.056640625	
45619	31501.76953125	43546	34087.2421875	6446	34115.0859375	30288	34284.07421875	37407	34488.4921875	33603	34895	32071	35012.12109375	26037	35209.2421875	8580	35359.58984375	33515	35504.78515625	34170	36130.98828125	4561	36962.65234375	11218	37021.01171875	18289	37448	14555	37503.87890625	48331	38014.2109375	1351	38414.08984375	25067	38426.578125	2731	39533.640625	25497	39869.7109375	
43827	82848.1953125	5245	83482.28125	15407	86086.40625	3930	87420.4453125	51421	87951.5234375	39511	88056.1484375	43108	88746.5	22087	88808.8984375	805	89191.03125	5988	89584.15625	19095	89603.859375	25695	89673.9609375	2688	90346.3515625	23591	90719.4375	15106	90782.109375	52423	91316.359375	30335	91641.03125	33370	92319.1796875	26511	92478.59375	322	92554.3046875	
4467	67463.4453125	34486	83253.5546875	19581	84857.9609375	6700	85371.9453125	43123	87708.796875	51512	88503.84375	52174	89212.78125	50163	89229.140625	34095	89557.328125	24259	91732.125	34809	92281.671875	51113	92445.71875	34445	92845.0703125	20095	94529.0859375	38207	95225.8046875	20087	96264.8125	50165	96729.9375	29336	96881.8046875	1821	97658.28125	51580	97695.546875	
20380	48990.75	24992	63702.6953125	288	64186.80859375	4136	64500.07421875	46819	64899.26171875	16905	66512.6640625	26198	66695.5859375	892	66797.03125	23512	67014.53125	27185	67278.953125	804	67905.984375	51152	67921.109375	52875	69135.0859375	21020	71400.609375	21766	71425.546875	47000	71572.8359375	50521	71939.171875	50512	72504.9765625	17748	73218.4921875	35761	73290.6015625	
26392	55003.671875	43805	56702.00390625	18547	57123.2421875	8134	59730.84765625	43382	60383.0859375	23284	60600.60546875	17625	61756.265625	5772	62217.34765625	20930	63350.8046875	42049	63541.94140625	9485	64012.40625	8522	64184.01171875	40366	64273.46484375	3274	64484.6328125	17853	64516.55078125	4471	64754.76953125	47182	64981.890625	6172	65259.66796875	42508	65412.9140625	2855	65420.5546875	
33044	54322.140625	8165	56840.8984375	25069	60779.8671875	15066	61896.01953125	9746	63608.88671875	19055	63923.0078125	15992	65030.46875	955	66281.7109375	21334	66459.7109375	52201	67340.078125	30773	67349.765625	32956	68223.6796875	29860	68365.421875	1629	68789.65625	28945	68953.3359375	45784	69306.265625	44612	69726.6875	43434	69848.640625	8511	69962.4921875	22677	69989.4296875	
31217	71156.84375	48090	73004.140625	20948	78672.390625	2757	82117.3125	16504	82254.6328125	8443	82353.6953125	38572	83653.5	40949	83733.59375	4522	83852.5546875	53065	83997.0859375	49875	84249.984375	8849	84270.640625	16058	84914.90625	4599	85088.53125	42268	85164.6640625	27185	85490.7734375	14530	85493.3515625	38636	85877.2734375	17728	86048.140625	50603	86189.53125	
48403	55826.5	8406	57427.33984375	19850	61519.765625	4698	61659.10546875	21517	62469.07421875	20678	63587.47265625	20791	65822.984375	9525	65901.1875	28740	66924.40625	35784	67257.2109375	2039	71297.5	48186	71643.234375	51599	71979.6484375	418	72990.9765625	20436	73545.9921875	25697	73679.984375	39466	74019.5859375	39249	74198.0234375	15953	74435.1796875	10577	74896.546875	
31011	46393.33984375	48677	46406.3515625	49958	47551.44921875	17962	47771.57421875	27950	47775.12890625	19517	48186.4609375	22235	48565.01953125	41406	48791.08203125	17474	48806.73046875	4070	48931.609375	18209	49193.33203125	42626	49604.36328125	40564	49700.84375	48415	49759.39453125	52457	49872.625	21409	49943.890625	36041	49957.078125	18446	49959.65625	43498	50065.5078125	12917	50127.2578125	
488	57871.53515625	45462	59295.83203125	7230	62662.9921875	27110	63489.578125	8063	63611.91015625	38419	64795.265625	41419	66832.1171875	19010	66904.75	34847	67294.140625	571	67471.3515625	36643	67839.7265625	49182	68646.1171875	10055	69495.1640625	46128	69812.5	28699	70424.7578125	29912	70678.3515625	38531	70867.765625	2904	71163.8203125	25455	72062.3828125	34943	72210.0625	
12853	34682.45703125	1265	36244.625	15423	36381.65625	28357	38473.734375	26491	41732.01171875	2593	42021.71875	465	45955.03515625	47648	46613.671875	17011	46836.34375	48928	47303.30078125	19312	47465.25	4913	47802.1328125	30388	48053.46484375	27411	48944.3046875	26158	49506.57421875	14047	50409.30078125	51520	51130.91015625	45526	52623.53125	41808	52705.203125	5602	53065.80078125	
43782	63946.7734375	7000	64032.30859375	19522	64296.0703125	11709	64957.47265625	5408	65131.35546875	22440	65740.4609375	37759	65977.296875	43751	66157.578125	37641	66199.0078125	41001	66272.2421875	9942	66430.890625	22584	67134.4921875	14091	67552.5234375	12647	67617.515625	19219	67970.6328125	7831	68381.6328125	40925	68474.4765625	13788	68513.4296875	5227	68659.3828125	51492	68735.1015625	
35326	31130.66796875	40766	36204.88671875	36119	36468.87890625	19886	36548.15234375	42608	37632.3671875	7485	37821.5703125	46879	38208.49609375	23259	38371.7578125	2252	38971.2578125	39041	39353.26171875	49959	39622.859375	12999	39639.671875	37345	39735.96484375	35974	39768.08203125	45011	39917.96875	34105	40722.1484375	2062	40784.91015625	27462	40937.16015625	12481	41487.53125	16855	41612.796875	
15798	69199.78125	26087	72383.65625	12596	74588.8125	47699	75717.0546875	51254	77460.5390625	3631	78054.328125	42646	78258.640625	36423	79387.1328125	14707	79871.8359375	32044	81474.75	38546	81681.625	29698	82393.40625	43918	82396.953125	41035	82538.5546875	49	82802.03125	40920	82804.0390625	29942	83410.4296875	23768	83564.7265625	34673	84255.453125	13884	84397.6875	
30733	38458.8671875	37276	39841.203125	23101	41463.5859375	2336	42558.61328125	2875	43929.78125	47457	43958.10546875	40146	43960.265625	50239	44384.1171875	51726	45442.7734375	48240	45981.23046875	14821	46006.734375	3790	48176.3203125	26877	48477.0546875	36797	49061.42578125	45899	49237.3984375	17851	49571.47265625	43891	50436.8359375	4867	50640.10546875	14765	50959.23046875	32035	51163.203125	
27574	64822.953125	32986	68400.40625	35914	68630.4921875	42728	68810.8515625	13524	69472.4296875	45401	72224.8671875	23190	72591.609375	37200	72803.8125	39168	73488.484375	6046	74771.8203125	1160	74914.5546875	36972	75040.8359375	23960	75189.453125	12302	75345	9019	75403.0390625	50096	75728.7578125	36215	76067.15625	6621	76168.8671875	2766	76220.6171875	4806	76260.4296875	
16772	43132.4609375	49163	53237.61328125	18962	54682.69140625	30903	55625.21484375	35067	56872.7421875	11805	58234.23828125	16533	58768.796875	26054	58974.94921875	868	59203.97265625	10390	59504.46875	21473	59853.5546875	2006	59952.0859375	8402	60061.5078125	24465	61287.609375	45657	61956.44140625	45275	62322.94140625	16983	62414.38671875	51199	62881.4921875	19288	62929.90234375	38153	63061.8828125	
45542	18430.30078125	19834	20900.109375	51768	23872.318359375	8681	24089.904296875	34638	25434.66015625	1164	25494.212890625	19439	26039.39453125	5391	26136.234375	31827	26891.78515625	11299	28471.61328125	12848	29491.16015625	13666	29778.794921875	40163	29965.6484375	18266	30129.33203125	32383	30236.857421875	26489	30365.9375	52248	30480.919921875	899	30526.333984375	18161	31037.69140625	47175	31128.0546875	
46406	70578.21875	50008	72914.2109375	8858	75036.3046875	49348	75207.96875	13930	75576.7109375	10552	76064.5390625	24452	76678	17905	78015.25	32112	78744.3125	40702	78959.3359375	9101	79069.0703125	19869	79132.9765625	37576	79183.6328125	49382	79560.46875	37937	80479.703125	22147	80485.8046875	32904	80649.4453125	5255	80781.0390625	1333	81051.75	37531	81234.2890625	
52648	19537.265625	40553	23012.28125	24724	23886.396484375	53033	25275.015625	38338	25694.576171875	43636	26440.587890625	28602	26612.287109375	43263	26649.685546875	37473	26696.171875	27635	27086.88671875	47823	27144.27734375	28965	27198.978515625	25260	27529.9921875	15829	27583.06640625	21088	27840.095703125	38799	27844.283203125	15475	28229.97265625	3301	28408.84765625	3404	28528.41796875	39270	28778.533203125	
13829	39948.515625	45688	40747.3828125	13448	41227.765625	48700	41310.71875	47785	42487.06640625	31577	42903.48828125	1370	44130.3046875	8304	44448.9765625	1222	44638.94921875	3105	45087.26171875	7229	46072.94140625	29849	46459.01953125	22135	47402.65625	26266	48098.08984375	28374	48350.875	37977	48440.38671875	1685	48645.7265625	13695	48891.16015625	9419	49318.34765625	1280	49546.23828125	
19594	38026.859375	30758	40655.00390625	41861	41520.984375	29968	42178.98046875	34727	42846.94921875	18984	43000.0703125	18508	43795.20703125	24755	43808.90625	21929	43889.3828125	8713	43946.80078125	7835	44310.10546875	17607	45094.0625	45625	45253.81640625	38934	45736.9140625	9031	46701.5703125	32221	47092.234375	50659	47144.90234375	14388	47146.203125	47497	47386.2890625	16802	47424.30859375	
11270	63051.0234375	33962	63528.63671875	20764	64582.75390625	41063	66075.171875	13499	68034.1640625	13998	69785.796875	409	71165.0859375	9913	71637.5625	41807	72632.4375	35388	74252.75	35210	74260.9140625	25730	75053.890625	35504	75077.421875	52500	75369.7734375	14539	75459.9296875	16754	75490.0078125	16427	75864.3515625	43844	76108.28125	42268	76281.7265625	16359	76329.9765625	
23642	64357.37890625	16122	67392.921875	44528	68743.78125	38105	68820.484375	8866	71525.625	52200	71835.2734375	46457	77182.6796875	9376	77857.375	39528	78659.71875	33668	78717.734375	11506	78814.796875	34115	80041.6484375	18678	80242.1484375	15608	80256.828125	8395	80783.453125	3957	81080.0546875	42413	82363.921875	11405	82733.578125	26698	82927.578125	35145	83295.8359375	
21980	78314.1796875	16807	85815.4140625	12766	86360.8203125	18129	86447.3828125	36969	88030.5234375	8552	88611.9765625	25548	88847.375	48429	89475.828125	17665	89908.578125	3660	90395.359375	27981	90594	20465	90749.5625	9990	91321.6875	41958	91360.8984375	27990	91545.53125	20972	91640.40625	45515	91875.9921875	32118	92477.453125	13297	93278.5625	22020	93526.328125	
44377	72031.9140625	48087	77353.1875	12293	81083.140625	21075	81858.4140625	15883	82057.5078125	4015	83349.4453125	33234	83824.2890625	50227	83926.765625	27273	84068.953125	41533	84412.015625	31913	84434.765625	2936	84836.34375	23313	84927.9609375	12248	85174.9296875	12959	85409.4453125	36924	86121.96875	6126	86503.65625	11912	86629.859375	14596	87020.875	23143	87373.0078125	
39386	60834.5546875	31037	69914.765625	34527	70559.390625	29920	71323.1171875	21362	72025.828125	18134	72044.1328125	3798	72178.15625	16847	72351.90625	52508	72514.5546875	25478	72724.3203125	1745	73206.75	35539	73712.0625	4384	73717.234375	10207	74280.875	39693	74686.265625	9117	74704.171875	13274	74758.3984375	24042	74839.5234375	8133	74853.8125	42401	75050.4765625	
50629	49676.37109375	1937	51143.703125	38546	53629.48828125	27077	55202.26171875	51904	55671.921875	16108	55685.4140625	42080	55782.3125	19104	55820.39453125	25491	57451.16796875	40175	58531.01953125	29942	58852.42578125	1223	59172.8671875	50459	59691.9140625	11239	59736.3671875	19321	59738	45540	59800.58203125	44474	59823.73046875	53205	59828.82421875	10561	59918.484375	20271	60115.93359375	
13111	83944.640625	15629	96043.7578125	12569	97192.875	38456	98238.8515625	34610	99095.4375	45156	99099.59375	26121	100248.015625	19865	100963.7109375	35144	101569.0859375	3213	101673.296875	47622	101876.5546875	22912	101913.6484375	7096	101928.875	16495	102422.125	46824	103056	38852	103124.7890625	19564	103248.5859375	9772	103392.84375	9983	104715.875	48260	104977.0390625	
20391	22044.03515625	5520	30116.603515625	16344	30884.40234375	45029	31830.501953125	53115	35085.52734375	17028	35412.0234375	31790	36041.53125	20329	36352.83984375	42684	36685.6796875	12372	37021.078125	52870	37096.80078125	25458	37494.875	18459	37876.96875	33900	38026.5	9993	38316.49609375	38068	38492.6875	16526	39034.578125	13356	39592.390625	6535	40065.1171875	23675	40146.6640625	
10660	78195.296875	24312	83238.53125	48835	85386.3828125	33591	85995.578125	28377	87009.3359375	15834	87302.1953125	34775	87784.6640625	21772	87879.859375	2792	88276.2421875	12047	88374.5234375	12159	88726.1328125	6685	89396.7734375	25205	89607.828125	43840	90216.84375	38545	90288.0703125	40732	91124.4375	49227	91150.3984375	41881	91172.0234375	30182	91682.859375	21860	91752.5078125	
35743	71548.46875	14453	75081.234375	47888	77982.203125	18376	78969.2578125	38881	79699.890625	41353	81947.15625	6793	84121.390625	16759	84496.625	31974	84645.3828125	31016	84681.9609375	2232	84806.40625	18560	84883.984375	4832	85455.328125	10381	85522.3203125	34185	85543.578125	20952	85620.7734375	12998	85890.2890625	24413	86098.0546875	46229	86235.109375	32830	86310.203125	
1341	33740.76953125	34865	36388.73046875	19748	37123.1328125	3506	38675.48046875	2161	39028.7421875	52073	39740.93359375	19097	39755.0546875	27398	40390.0390625	835	40501.50390625	24463	40950.91015625	14664	41805.40234375	33393	41883.39453125	10451	42700.21875	29679	43327.22265625	13768	43516.77734375	33574	44144.97265625	9327	44359.63671875	30810	44662.640625	45358	44954.53125	21779	45008.59375	
48751	69516.140625	31948	70585.4609375	37362	74825.09375	38689	75787.3046875	27570	75848.71875	18815	77041.4609375	46731	77801.703125	40393	78022.078125	6917	78406.0546875	26728	79682.2734375	24878	79697.125	50129	80169.4140625	14877	81079.4140625	33252	81216	12954	81732.7265625	3312	82152.0078125	43895	82354.8671875	16200	82587.0234375	42048	82931.3515625	24626	83385.9296875	
38579	37850.78515625	5301	39419.9453125	7418	39874.83203125	8281	41173.6328125	38549	41266.984375	14915	41362.58203125	7031	41602.90625	45520	42072.92578125	49062	42311.34375	30251	42738.45703125	36790	43614.046875	17141	43670.4765625	49161	44053.90625	23957	44054.37109375	17006	44224.90234375	50907	44380.1484375	28206	44385.1015625	7631	44572.1328125	14244	44591.98828125	50969	44608.890625	
42052	73239.6875	2953	79886.6640625	46371	83919.8828125	40449	85656.9140625	36034	85913.4375	42073	86414.328125	41423	87201.5078125	50277	87367.8671875	31923	88595.953125	18163	89097.2109375	6196	89455.6875	28277	89913.6953125	29068	89986.109375	37268	90243.8515625	10515	91885.515625	45855	92497.4609375	14732	93092.953125	37487	94580.7578125	51645	96292.6796875	2814	96489.7265625	
52768	82997.7578125	44195	84579.9921875	50437	85870.421875	28878	89050.0703125	32815	89249.4375	3230	89526.5	42739	89669	18878	89702.359375	23391	89857.984375	15061	90628.6875	18675	90726.65625	28445	90953.46875	9519	91384.5859375	30413	91551.9765625	40887	91559.3515625	51451	91719.625	40528	91749.90625	34470	91781.171875	30348	91797.390625	26193	91823.4765625	
24261	46099.9375	31313	51148.09765625	11708	53696.01953125	11945	55257.28515625	17663	55327.27734375	7912	55956.62109375	42741	58576.37109375	23112	58733.984375	34879	59406.4765625	14990	59570.05859375	51669	59913.8125	44957	60609.18359375	27152	61031.04296875	15915	61175.5703125	34866	61506.19140625	25998	61769.86328125	23746	61996.625	22497	62190.3359375	24410	62211.46875	50693	62233.73828125	
37998	60254.7578125	7187	63379.24609375	50365	65498.64453125	10935	66461.625	23909	67786.078125	12148	68102.4375	19446	68462.7890625	14064	68523.125	16022	69072.515625	23560	69279.0546875	45007	70813.34375	43026	71070.5234375	35843	72343.96875	20710	72537	38163	72719.1640625	16452	72934.2890625	46962	73292.9375	44326	73953.203125	44466	73963.546875	32328	74243.65625	
2433	48612.87109375	44819	59660.9765625	4468	65323.9609375	32741	65834.2421875	53073	70132.625	14064	70476.15625	8299	71037.0078125	52480	71421.1875	14021	71713.515625	48974	71827.0234375	31318	71896.2421875	32042	73787.9375	44499	74019.0859375	27193	74131.34375	22531	74237.0234375	14430	74393.140625	43006	74583.5703125	25599	75707.890625	20435	76332.203125	17410	76630.7578125	
46687	31188.798828125	45021	31234.1015625	49205	31366.19140625	15050	32091.658203125	44223	32375.779296875	9079	32660.27734375	18379	33369.2109375	5455	33431.703125	33095	33582.234375	11145	34066.17578125	7520	35042.87890625	38184	35050.89453125	26688	35126.84375	50580	35335.8515625	34674	36321.2109375	38211	36523.703125	18575	36555.79296875	2024	36567.15234375	40083	36574.75390625	45923	36684.0625	
23697	48908.3671875	3065	50846.41796875	2666	51257.890625	10473	52162.21875	17866	52596.8203125	783	53319.640625	4553	54230.1796875	8641	54357.9296875	24493	54438.3125	49371	54602.8359375	39117	55843.59765625	25157	55940.63671875	3422	56031.84765625	48246	56047.91015625	23864	56160.52734375	17895	56168.68359375	798	56642.03515625	31380	57033.12890625	5027	57203.19140625	27180	57955.859375	
3153	75585.1640625	16853	75684.9296875	38080	77020.4609375	35991	77500.7734375	43264	77698.0859375	11975	79390.609375	25775	79447.7734375	25608	79461.7421875	38563	80122.703125	10590	80324.8125	2421	80560.3984375	49498	80912.78125	37963	81159.0859375	36241	81180.9453125	37085	81448.078125	46970	81831.7734375	32857	81992.2109375	52754	82105.0546875	43972	82438.25	46401	82526.25	
3364	34818.3828125	15464	39648.390625	23144	40523.4140625	40369	40664.7734375	40621	45370.25390625	49444	50005.2109375	34985	50103.18359375	28111	50997.16015625	6071	51375.04296875	40809	52155.8984375	7408	52297.26171875	33463	52390.44921875	48869	52432.42578125	47618	53367.53125	13134	53380.30078125	23744	53667.2734375	13278	53701.5859375	42752	53960.171875	30457	54106.75390625	38115	54140.60546875	
6459	60398.3828125	39115	62866.1015625	41419	64140.43359375	43780	64868.58984375	9564	66066.1484375	44897	66416.3828125	47170	66586.3203125	33034	66875.5390625	51814	67664.484375	51629	67811.1328125	512	68645.609375	30511	69021.8359375	8063	69314.5	7781	69625.4765625	42466	69776.9296875	571	70001.6796875	48567	71102.8359375	41154	71411.5	20243	71946.890625	17073	72083.2265625	
47463	48637.078125	11933	52161.15234375	41908	53407.22265625	2232	55074.00390625	53027	57018.94140625	51301	57251.65625	20296	57305.484375	47461	58121.4609375	42756	58235.53125	32103	59124.3203125	10114	59656.33984375	12727	59705.60546875	8829	60064.25	31202	61047.52734375	39581	61279.4765625	11007	62086.47265625	39076	62523.6640625	7608	62572.78125	24780	62594.3359375	6652	62694.203125	
24454	28415.05859375	27682	28637.888671875	2422	28839.419921875	14830	28854.01171875	8692	28899.595703125	22412	30284.20703125	46274	30297.640625	52578	30537.142578125	34051	30962.970703125	34689	32006.39453125	42908	32022.224609375	50792	32365.00390625	9927	32592.857421875	13484	32793.46875	37976	33041.22265625	12829	33326.69140625	31132	33836.86328125	28123	34131.6171875	5231	34417.5859375	40446	34545.5859375	
46289	69197.7734375	24678	70872.8046875	8884	79496.96875	45042	79527.2109375	49118	80449.375	14362	81073.859375	11646	81083.6015625	12509	81808.1953125	38990	83549.015625	51244	83836.125	1618	84046.3984375	47346	84324.046875	29936	84823.28125	50972	84894.96875	49848	85050.0234375	18250	85134.7421875	6393	85153.7421875	4261	86469.984375	17837	86675.203125	47900	87068.8671875	
44497	41710.484375	49897	42196.296875	51133	42593.9375	27510	44378.52734375	29576	44745.01171875	9086	45062.609375	20162	45136.28515625	48688	45644.80078125	18860	45847.58984375	51602	45892.16796875	46908	47070.390625	24572	48819.76171875	12149	49294.8828125	16713	50306.8671875	41858	50390.453125	5486	50971.59375	16376	51098.75390625	35656	51866.95703125	22013	52591.328125	18576	52972.40625	
2738	48346.625	18049	50760.23828125	12459	51980.99609375	39955	53714.76171875	39070	53801.1875	17730	53882.81640625	28044	54364.52734375	10057	54498.109375	38256	54696.22265625	20004	55179.69921875	25046	55261.578125	50457	55307.5	46736	56233.40234375	28436	56335.31640625	10279	56992.9609375	28256	57447.21484375	41485	57533.66796875	35030	57764.5546875	43946	58114.7109375	11558	58999.7421875	
46965	40895.6015625	51525	42181.234375	3876	43179.60546875	18016	43772.7109375	32179	45056.66015625	21849	45103.5390625	12452	45355.359375	6158	46043.6640625	1586	46160.62109375	17831	46682.4140625	39887	47242.20703125	16781	48463.39453125	27114	48630.75390625	30864	48821.06640625	37201	49516.98046875	22495	49955.16015625	45606	51589.89453125	35741	51761.5625	25489	51778.04296875	33641	52648.796875	
11303	66700.59375	52855	70294.6953125	38640	73448.9453125	20595	77137.5703125	14468	79141.2890625	34675	79425.390625	32121	80192.6484375	34282	81647.5390625	11355	81769.46875	41810	81991.953125	4074	82216.65625	38048	82360.3515625	25913	82881.28125	24676	83666.046875	44382	83891.34375	30320	84312.734375	43660	84435.03125	32420	85433.9765625	50733	85571.7109375	46188	85888.109375	
45241	38552.49609375	51596	42333.3984375	13641	43523.1953125	20515	44483.55078125	16821	45531.96875	34687	45974.1796875	19085	46949.30078125	18382	47281.49609375	40049	48584.8984375	17279	49261.33984375	17852	51034.2734375	42960	51305.5859375	22021	51769.140625	13895	52849.859375	31537	53175.44921875	14915	53212.82421875	53360	53607.7265625	6720	53641.09375	7031	54603.1015625	45773	54844.6796875	
3565	71763.75	5482	73842.8359375	42467	76539.2890625	34115	80470.453125	44617	81056.09375	4649	85228.2734375	42903	85807.078125	24033	88851.078125	7070	90773.84375	7286	91323.375	52824	91798.828125	45690	92124.5	18538	92272.3125	44146	92347.4453125	19910	92858.234375	29418	92918.8125	22897	93035.5703125	47392	93255.6953125	19745	93423.3125	38202	94293.953125	
938	52651.06640625	51911	54262.03515625	8264	54344.7265625	5863	57159.88671875	1935	57224.83984375	4885	59384.1484375	24873	59605.75	44093	61094.53515625	23521	61136.24609375	16262	61624.515625	45423	62174.9765625	14055	62518.8828125	27213	62774.4296875	19481	63005.3203125	9135	63772.6875	33663	64097.51171875	37155	64163.0078125	8453	64222.140625	34460	64575.484375	2706	64735.1953125	
16629	58189.39453125	39995	61046.82421875	12995	61168.69921875	35259	61754.62890625	17609	62240.4453125	39674	62293.3515625	29677	62501.73828125	21514	63324.640625	47992	65345.42578125	10316	66429.953125	36463	66607.203125	16246	66646.4765625	25768	66968.3515625	27447	67702.9609375	49471	67817.96875	17828	67912.6015625	19468	67938.6640625	147	68384.921875	12362	68908.4921875	16092	69025.0234375	
7365	61185.35546875	51553	62947.2734375	33453	64418.76953125	15120	64725.49609375	19762	67263.8359375	44495	67392.5390625	52986	67430.1953125	4269	67970.828125	4658	68048.9296875	37107	68409.515625	11375	68765.96875	12102	69218.046875	14852	69538.3671875	26763	69552.796875	50405	69617.96875	40600	69620.4453125	34632	69944.859375	29699	70429.7109375	18332	70554.8671875	3263	70787.9375	
32681	43185.16015625	16710	50723.01171875	47081	52123.40625	28154	53324.15625	14302	53631.01953125	36267	54266.984375	34713	54763.27734375	7521	56075.5390625	14901	56426.05859375	47013	56685.66796875	20688	57651.0078125	25179	57715.87890625	11451	58142.34765625	41721	58238.0234375	44597	58670.1015625	5421	59603.60546875	18759	59685.078125	25343	60302.1875	24721	60516.828125	41763	60663.37890625	
5308	82486.953125	36286	92145.9140625	37793	93750.171875	32482	93879.609375	12409	94296.359375	9988	94791.5703125	36231	95028.4921875	498	95337.03125	38378	95451.3046875	18063	95530.703125	36291	95589.0546875	21908	95809.53125	21284	95931.8984375	50541	96026.765625	41475	96124.703125	14917	96248.7265625	36489	96315.484375	42666	96438.5625	36677	96676.671875	26937	96819.4296875	
33490	53760.3203125	13390	56918.40234375	30323	57108.8671875	27514	58502.6796875	32829	59714.85546875	21038	59743.859375	96	60065.1171875	21463	60468.1953125	40322	60827.05078125	28701	60964.80078125	17240	61142.7578125	8615	61533.87109375	1960	62388.41015625	37238	63016.89453125	9926	63813.953125	9854	64154.45703125	42680	64445.42578125	12212	64618.1484375	40951	64652.375	22693	64671.8828125	
18541	68918.9765625	14949	69491.046875	12199	72800.5859375	52419	72956.0546875	13398	73364.7421875	15232	75227.2109375	22627	75345.5	21225	75611.96875	31169	75751.875	8511	75886.09375	47099	76262.1640625	14927	76476.03125	50514	76943.3671875	9026	77314.390625	10327	77416.5390625	52903	77468.015625	27323	78159.7109375	6759	78478.8125	6866	78572.125	1261	78600.546875	
13234	38762.5546875	3699	41755.28515625	9340	42205.51171875	42721	42937.5390625	3426	43343.7578125	27307	44561.91015625	39289	45381.34375	18208	45393.68359375	31806	45467.06640625	25552	45591.6875	19525	45725.90234375	3058	46054.91796875	22899	46451.859375	35199	47398.734375	11481	47570.60546875	19386	48334.76171875	33660	48517.4921875	26613	49012.77734375	5622	49177.29296875	34348	49302.10546875	
7924	54231.91015625	4251	55125.57421875	16909	59849.08984375	28230	60871.78515625	29598	60978.89453125	33324	61149.41796875	33397	61385.765625	15309	61401.38671875	38398	61550.44140625	23338	62398.7265625	39599	62594.78515625	16267	62689.625	35382	63461.375	49365	63603.98046875	41611	63610.3671875	29445	64160.2421875	4910	65060.82421875	48512	65182.80078125	2269	65713.8203125	26069	65864.046875	
34438	71555.7734375	5932	82188	8195	84373.796875	28885	87338.5	385	88451.9375	3249	89192.5234375	38044	89759.9375	3486	90244.9296875	14461	90482.640625	26429	90502.265625	19588	90510.3359375	15134	92364.6015625	41445	92784.9453125	42050	93781.171875	19185	93963.109375	35482	94050.7109375	45246	94738.5625	9864	95093.296875	30652	95241.3671875	749	95562.2734375	
42424	31908.130859375	27830	35558.9296875	40055	36713.9609375	48346	37941.9609375	10029	39449.953125	7683	39974.30078125	30435	39980.05078125	8152	41797.3359375	43668	41825.9296875	2974	42097.93359375	48413	42982.87109375	36150	43306.125	29154	43342.79296875	16346	43377.25	18351	44002.47265625	43662	44140.46875	37140	44234.05859375	17993	44818.48046875	22118	44985.6953125	24499	45194.16015625	
1293	59303.95703125	40688	68242.90625	46887	74225.265625	42606	77306.546875	28535	77828.4140625	52804	81214.6328125	28637	81352.03125	47766	82584.09375	16933	82639.0546875	50203	84644.671875	32362	85352.765625	5892	87933.5546875	25341	88837.421875	18888	88909.40625	50664	89980.2265625	28356	90339.6953125	30420	90489.1796875	36834	90980.1796875	36543	91151.15625	1047	91701.2890625	
37020	73319.78125	31134	73537.4296875	24380	76828.2734375	51781	76922.390625	34185	77115.7265625	22785	77185.859375	26752	77474.015625	37870	77937.7890625	20675	79775.6953125	18697	79821.1171875	7151	80247.375	34084	81052.15625	14003	81457.1796875	2232	81725.140625	35363	82313.2421875	19038	82365.3671875	25294	82616.71875	9225	82620.8984375	31016	82674.6484375	30200	82720.6328125	
48465	29100.880859375	22690	31854.064453125	34543	32797.3984375	26692	39634.7578125	15658	40636.78125	40588	41222.859375	3667	42335.125	39107	42635.2578125	44409	42784.20703125	36363	42919.34765625	33464	43063.5546875	1038	43463.0625	13921	45366.99609375	34076	45419.1640625	3721	45660.90234375	28497	45798.296875	51272	46169.078125	33485	46766.03515625	38253	47036.19140625	18154	47217.09375	
39548	60786.2890625	33955	69114.2265625	35824	71604.96875	29233	76070.9609375	20632	77018.6953125	23560	78315.2265625	4296	79329.4453125	37636	79488.7734375	41474	79786.5546875	19313	80163.640625	17655	80228.40625	28857	81226.46875	15446	81278.2734375	8179	82545.2265625	51722	82938.0546875	41858	83188.59375	38163	83732.9296875	47531	83746	20710	84097.546875	44540	84124.75	
48305	42504.2265625	15425	42713.765625	9344	43033.69140625	31964	43411.3359375	7403	45311.94921875	22590	45889.26953125	10625	46011.65625	45268	47953.921875	28909	48332.05859375	21087	48783.58203125	29706	49424.609375	8655	50644.359375	18409	50946.25	29468	51013.59765625	29152	51969.26953125	18003	52401.00390625	43130	52447.3046875	10864	52766.77734375	2019	53539.35546875	8165	54017.0625	
32509	105913.2109375	18330	106520.9453125	53102	107989.453125	37655	108672.2578125	30963	110093.3828125	40018	111178.203125	4365	112113.140625	50198	114924.9375	16426	115306.1796875	46024	115975.6875	25833	117093.40625	34694	117356.7421875	30997	118358.0703125	12263	119457.5625	12470	119681.4921875	24967	119781.5078125	24542	119876.90625	5502	120091.3671875	40612	120302.75	36998	120539.3359375	
15142	31462.83203125	43449	32668.314453125	1843	37275.7578125	41561	39130.66015625	3822	39521.296875	39329	39766.3046875	24716	40437.1875	4089	40823.32421875	50162	40882.4296875	21173	41163.32421875	15857	41953.12109375	49195	42220.21484375	11540	43220.640625	39360	43303.390625	15393	43841.34375	9992	44035.40234375	7887	44039.23828125	36537	44045.80078125	16565	44146.70703125	46279	44179.73828125	
18437	65701.3046875	2747	66831.78125	41044	67160.7578125	8531	68231.7734375	35806	68502.546875	5525	69445.3125	25504	69612.6796875	24364	69893.40625	18446	70534.6953125	1268	70724.203125	40502	70957.8984375	37782	71342.8671875	8563	71474.8671875	41126	71772.453125	22526	72218.390625	15497	72273.9765625	45258	72310.59375	20087	72315.625	8305	72696.59375	33800	72761.8828125	
22623	37512.65625	34801	42881.90234375	21105	43891.7265625	3725	44349.82421875	22276	46202.96875	20525	46852.203125	36111	48706.1484375	20772	49364.37109375	29110	50072.46875	33549	50485.83203125	38293	50940.0546875	32571	51346.04296875	43066	51357.91015625	42261	52072.55859375	125	52425.6953125	27619	52615.30078125	4305	52805.83203125	24550	53255.23828125	39719	53460.10546875	47282	53617.796875	
11621	36720.12890625	167	39923.17578125	7090	40825.54296875	16978	41152.30078125	9957	42683.2265625	45117	43611.83203125	2752	43657.13671875	26705	44409.796875	26361	44619.640625	43022	45875.76953125	11611	45917.34375	30923	46037.1796875	36923	46502.69140625	37218	46516.56640625	27445	46549.484375	34348	46935.9765625	6636	47137.0390625	37845	47243.45703125	43032	47441.765625	22634	47867.859375	
9546	39809.9921875	1104	40818.48828125	5503	42389.796875	18113	42456.890625	38928	43055.9375	6653	43209.47265625	40527	43508.265625	46758	43526.92578125	14701	43657.3984375	7057	43754.1328125	28372	43955.92578125	44365	44080.69921875	8305	44104.77734375	26604	45722.94140625	16291	45762.20703125	36412	45925.0390625	20424	45990.43359375	11868	46197.484375	940	46430.07421875	44749	46589.8203125	
25443	52018.1640625	19580	59218.625	11824	60032.109375	43962	62072.609375	31109	62614.97265625	49837	63001.58984375	26345	63203.38671875	29171	63749.59765625	40745	65126.4921875	20422	65306.29296875	19126	65625.03125	32132	65725.6640625	17928	66229.328125	18165	67463.765625	45833	68385.5546875	35533	68744.234375	52919	73277.3203125	51683	73751.3828125	22194	74542.25	35887	74549.2734375	
14280	45112.28125	48582	51868.97265625	45307	61256.21484375	21056	61260.15625	46309	61558.56640625	45302	62744.453125	18563	63212.26171875	37099	63426.94921875	17128	64693.1875	31327	65120.12890625	38195	65147.19140625	13047	65423.27734375	17345	66615.515625	10762	66914.5390625	7277	67199.84375	34299	67408.8125	37501	67876.265625	31334	68093.375	50084	69292.96875	44327	70174.8125	
277	41362.15625	8641	43232.6796875	48013	43892.5859375	52153	44447.12890625	34043	46319.4765625	25157	46550.8203125	48313	46942.11328125	19847	47324.33203125	35147	47814.4140625	32094	49735.70703125	20850	50172.12890625	12347	50362.9765625	9436	50385.16015625	38961	50552.84375	24001	51103.55859375	32261	51253.0859375	6130	51404.73828125	3422	51526.1796875	33468	51618.29296875	36514	51621.24609375	
29291	41937.30078125	2584	44128.37890625	41042	44399.70703125	52445	46234.53515625	14102	47777.2578125	47959	48043.73046875	39117	48775.734375	9149	49842.640625	4519	50569.046875	19851	51997.50390625	36085	52413.75390625	24583	52581.84375	44410	52743.80859375	20026	52744.70703125	51025	52995.640625	26614	53749.578125	47523	53880.0078125	17007	54276.88671875	52818	54473.73046875	15734	55129.6796875	
47821	28116	46934	29799.69921875	38183	30062.576171875	12776	31089.828125	2556	31128.564453125	4693	32102.794921875	37683	32483.935546875	20799	32634.845703125	12202	32744.70703125	36892	32781.96484375	12613	32904.3046875	6746	32945.44921875	16217	33093.91796875	6020	33503.0234375	13340	33564.20703125	38286	33663.30078125	27349	34223.18359375	525	34424.23828125	15822	34528.37890625	1501	34537.01953125	
10164	48619.4453125	38466	50593.95703125	12507	52146.94140625	2390	57278.4609375	19602	57945.6484375	3947	57958.48046875	12348	57975.0859375	47688	58134.04296875	37440	59695.85546875	23052	59862.29296875	28943	61153.75	29289	63336.52734375	2313	64031.51953125	36524	64200.2109375	34579	65396.29296875	16586	66221.9296875	6083	66276.5703125	4319	66596.40625	46131	67632.359375	25012	67637.8359375	
21810	44928.63671875	4162	49137.0859375	50784	52316.6796875	37923	52788.015625	6810	54064.88671875	25944	54768.1484375	37975	56118.97265625	15657	56312.203125	18769	57152.89453125	41093	57336.78515625	24356	57521.82421875	5534	57579.484375	5099	57751.0625	15063	58074.5859375	18195	58237.65234375	15814	58509.40234375	30561	58547.03125	22396	58611.02734375	29697	58627.9765625	32851	58687.546875	
17262	40852.05859375	35354	43446.6015625	36549	43980.48046875	39644	45674.5234375	19477	45856.9296875	33979	46609.4296875	14935	46961.96484375	15401	46998.72265625	32044	47339.08203125	23768	47489.109375	50996	48181.80859375	50955	48220.4296875	23743	48325.4765625	18161	48359.58203125	2426	48600.70703125	31710	48628.42578125	727	48868.08203125	27439	48959.17578125	8026	49012.11328125	34673	49020.09375	
22511	42297.09375	5018	51925.34375	41896	53189.26171875	11426	56110.21484375	14025	58714.46875	36929	59063.265625	38773	59115.03515625	45815	59929.10546875	2354	60061.95703125	28695	60952.66796875	37245	61381.76171875	42571	62598.5625	8541	63527.95703125	25833	63643.61328125	11798	63793.80859375	53047	63896.21484375	50260	64078.77734375	15493	64126.1171875	7264	64586.01953125	14926	65375.98046875	
34885	56180.69921875	44147	57033.26953125	45037	57191.87890625	46238	60695.7890625	42519	60860.67578125	901	60968.53125	35933	61418.328125	45549	61656.73828125	33887	62760.19921875	11237	62942.1640625	45568	63262.92578125	35102	63298.03515625	6407	63406.23828125	16097	63445.57421875	8796	63588.0859375	44797	64044.54296875	41519	64082.73046875	39317	64133.7734375	53271	64424.4453125	45275	64861.70703125	
11931	92996.78125	18945	94140.6953125	10741	94986.3125	20372	95239.2890625	28606	95658.7265625	21334	96341.3359375	43889	96443.296875	16027	97667.453125	25575	97713.5	19509	97877.53125	22338	97991.140625	40509	98195.40625	10341	98219.71875	31574	98360.1171875	39375	98376.734375	17367	98611.6328125	20600	98681.5546875	11863	98770.734375	43695	98861.3359375	37858	98938.1484375	
18293	50121.41015625	7592	66747.0625	32387	70787.625	8668	71615.8125	30202	73134.953125	49582	73986.7265625	29961	75910.78125	39581	77008.4921875	30546	77195.3203125	496	78028.5546875	4659	78676.1015625	50825	79006.2890625	39782	79648.2734375	460	79968.078125	36173	80239.1484375	22344	80304.0390625	44483	80705.5390625	40050	81907.7734375	43279	81974.265625	13984	82164.6875	
1635	63824.765625	31665	64402.41015625	1444	67076.515625	14086	74093.609375	11075	74114.671875	8523	74790.875	41955	75916.890625	21005	77104.0703125	45122	77225.8515625	12333	77279.15625	34030	77402.4609375	40422	77440.0859375	2917	77483.7265625	19255	77596.9765625	16573	77912.671875	34654	78217.8203125	25083	78576.78125	25180	78600.6953125	29098	78824.4765625	29961	78828.328125	
49884	79358.5703125	37117	79663.9609375	4455	82075.015625	9533	82249.4609375	2549	82439.59375	17961	82810.453125	5312	83243.25	10802	83689.5703125	9167	83693.703125	43064	83777.8203125	33718	84804.8359375	13089	84809.59375	36599	85050.53125	5379	85379.03125	50091	85478.4296875	34902	85809.921875	50998	85981.71875	12526	85984.9296875	31126	85993.5	35125	86224.2890625	
47446	52830.69921875	8064	53817.2265625	32024	54398.6875	41061	55054.57421875	18784	55212.046875	34085	55775.61328125	4230	56604.8828125	1710	57020.78125	45373	57591.15625	42404	58425.7109375	30772	59871.046875	2269	60386.9140625	8911	60758.73828125	5862	60775.80078125	32111	60776.3671875	4251	60852.36328125	33269	62533.78125	27967	62651.51953125	38398	63973.515625	35382	64632.078125	
26808	67947.2421875	47313	71198.0625	14955	72077.78125	23300	75432.2421875	40410	76024.9453125	47138	76350.015625	15803	79892.5625	16505	80143.8984375	53184	80747.5	11494	80922.609375	2305	81190.2734375	35441	81331.421875	46865	82465.828125	49909	82625.5	43522	83390.7890625	35463	83689.578125	30346	84089.1796875	41299	84618.9921875	38713	84653.4921875	35363	85020.140625	
7572	32802.2734375	29255	33682.34765625	15380	35803.87890625	3400	36539.28515625	43544	36753	52295	38514.96875	33720	40468.45703125	16168	40696.82421875	31522	40748.8984375	26325	41083.66015625	24155	42978.734375	24018	43030.41796875	45306	45306.625	8438	45951.47265625	37337	46059.96484375	9392	46120.90234375	52060	46184.015625	23279	46622.11328125	276	46672.0859375	20028	47088.453125	
9282	46372.73046875	47613	47773.40234375	26611	47872.140625	44304	48953.2109375	27052	49045.63671875	24049	49226.64453125	45229	49545.45703125	51183	49601.08984375	22338	49950.4296875	45364	50693.0859375	26658	51435.55859375	27755	51541.05078125	37568	51861.90234375	40837	51894.64453125	13246	52273.76171875	19235	52384.73046875	7477	52995.84375	11425	53025.328125	6716	53045.48828125	19988	53090.6953125	
5741	73475.1484375	12916	74638.296875	4718	75682.0546875	23043	76052.640625	47611	76923.4765625	20983	78219.125	401	78332.59375	12516	78501.7265625	14348	79169.1875	33553	79688.0859375	43365	79692.3125	9448	80250.28125	6075	81308.234375	19304	81347.03125	46640	81372.5703125	52035	81472.1953125	48432	81536.09375	50075	82247.3984375	24335	82563.546875	48731	82709.59375	
12891	34597.34375	26604	37206.8515625	5698	38264.3125	41400	38786.80859375	23656	40080.03125	46758	40120.70703125	43596	40355.85546875	8305	40494.84375	8740	41433.03125	37070	41655.8671875	8198	42223.859375	29205	42249.08203125	41779	42531.4765625	29395	42701.41796875	13220	42803.83984375	23658	42932.26953125	36723	42969.76953125	13784	43355.06640625	25828	43531.91796875	10790	43715.1875	
13800	61049.3671875	37131	65078.2265625	52492	75848.46875	31808	76614.7578125	11180	76686.796875	26465	77138.5859375	5997	77174.1484375	46191	77337.6328125	23170	77481.21875	50243	77565.9140625	13987	77893.8359375	39235	78199.3046875	45997	78489.03125	4918	78649.9296875	44390	78685.8515625	25043	78700.765625	33160	78750.703125	19833	78946.046875	333	79111.625	11243	79191.0703125	
12372	23066.466796875	2875	27688.279296875	21752	27745.255859375	47457	27929.3125	47932	30435.52734375	4867	30936.666015625	17086	31359.8125	17028	31436.51171875	1547	33419.90234375	2494	33464.22265625	13124	33617.4921875	51726	34259.296875	36950	34583.6796875	47889	34668.35546875	30718	34880.0390625	51245	35305.25390625	30590	35437.109375	24648	35546.6015625	49903	35829.58984375	13771	35915.4609375	
36941	65665.265625	42649	77778.65625	14518	80425.4921875	28653	83812.9453125	14081	84347.796875	35684	84445.921875	39518	84572.0078125	24372	85340.1015625	18872	85785.296875	19012	85938.5859375	1470	88587.5234375	13676	88703.3671875	10014	89044.1015625	38414	89180.171875	16743	89454.3515625	9159	89656.546875	7213	89916.5	8735	91322.9296875	8728	91541.4765625	47838	91835.1015625	
32103	52687.015625	11933	55122.34765625	6652	55577.359375	39076	55880.2109375	11995	57056.90625	12727	58800.16015625	47461	59558.62890625	7608	59789.78515625	47463	60422.84375	8829	60572.28125	41908	60599.859375	50733	63014.515625	39581	63072.19921875	25913	63272.125	8481	63396.6953125	41270	63400.546875	35363	63456.5078125	38717	63517.33984375	53053	63524.16015625	45464	63730.4609375	
49264	26486.986328125	44235	26794.9765625	11939	28595.49609375	14205	30168.951171875	13433	30344.45703125	28502	30680.353515625	33709	31439.009765625	41326	31633.294921875	39711	32272.44140625	20250	32699.755859375	39370	32858.0625	22607	32942.125	5316	32959.21484375	6022	33196.0859375	21867	33545.2734375	2014	33855.1796875	8844	34022.609375	48354	34041.1875	7435	34354.93359375	50815	34400.84765625	
19629	31197.38671875	40682	32343.369140625	34871	32560.390625	30201	32755.3046875	19517	33612.23046875	20149	36072.3515625	29256	36726.18359375	30823	36888.89453125	37003	36921.04296875	26921	36991.69921875	22235	37706.32421875	797	37725.84375	43498	37797.01953125	25589	38988.83203125	19614	39084.96875	32475	40046.046875	27950	40155.890625	51328	40368.04296875	26714	40489.76171875	29841	40619.17578125	
23638	22912.546875	33583	26471.82421875	32214	28737.51953125	14824	28922.3359375	43813	29494.373046875	10302	29505.640625	48670	29536.66015625	17476	30075.970703125	22902	30915.234375	21185	31497.720703125	20454	31717.51171875	27848	31835.931640625	24944	31892.408203125	26005	32397.4453125	33739	33017.7265625	24489	33809.0859375	31442	33857.6484375	30300	33899.859375	11113	34106.8359375	6163	34556.125	
48692	17226.8828125	44880	20701.98046875	22146	22734.080078125	22076	22915.359375	34755	22923.6875	13441	23418.75390625	43609	23450.015625	49363	24088.4296875	22554	24245.103515625	4396	24285.947265625	18670	24299.212890625	20743	24564.92578125	14377	24583.37109375	26707	24995.73046875	12536	25110.27734375	20633	25137.8125	5749	25224.03125	39684	25842.623046875	26792	26018.892578125	13607	26141.744140625	
4378	70251.9609375	12041	72253.984375	50710	72819.890625	28854	74382.6796875	36912	76205.9453125	18220	76826.3125	5573	76951.4609375	8963	76998.0078125	51847	77163.9375	45406	77205.359375	36923	77529.40625	30096	77733.015625	44577	78133.4609375	1854	78191.3046875	584	78353.1484375	26705	78471.1484375	33345	78485.1640625	46651	78592.1640625	37335	78891.8984375	32322	79147.3359375	
31271	66784.1015625	9833	75236.9375	3259	78304.71875	12243	78415.25	1756	78930.21875	12074	82280.1171875	38836	84525.96875	30846	85388.8203125	44214	85547.78125	36115	85616.5	38072	85932.5	17611	86040.4609375	10306	86065.5078125	35877	87590.6796875	28731	87769.40625	44753	88008.65625	41275	88192.1640625	25642	88677.21875	9165	88825.375	47065	88850.7109375	
40177	35064.25390625	27675	36621.046875	23000	37175.7421875	8152	38129.15625	8386	38885.99609375	37860	39383.12109375	21555	40436.7109375	53250	41765.22265625	505	42090.95703125	16975	42338.49609375	30435	42458.5625	44760	42460.98828125	44360	42798.21875	37806	43487.5546875	910	44308.24609375	1191	44550.66796875	22118	44644.87109375	4714	44655.625	42607	44683.66015625	30528	44733.05859375	
10465	75466.8828125	15801	77177.6015625	32952	78470.25	40235	78554.40625	31476	79023.3203125	40883	79245.828125	36267	79987.9453125	35667	80175.9765625	13902	80838.609375	47789	81566.9765625	52906	81645.65625	35986	81660	19910	81837.0234375	22186	82308.171875	52327	82413.8828125	42063	82514.1484375	18154	82727.46875	13205	82909.3203125	6305	83115.9609375	49952	83283.9609375	
33813	67005.7578125	25498	69014.359375	19630	69242.75	49499	69513.6953125	43088	69555.09375	27099	69978.609375	27401	70431.046875	50414	70506.171875	45065	70553.9375	37212	70886.1875	45318	71576.6953125	29540	72035.1875	2964	72165.2578125	50433	72407.046875	31879	72523.703125	45189	72528.3515625	34935	72585.0703125	35683	72598.0390625	5722	72627.4140625	32974	72857.1875	
25518	54263.7734375	35467	56384.8984375	27358	57169.1953125	24368	57786.8828125	38269	59547.3671875	47724	59928.95703125	1430	60939.26953125	36735	61354.7890625	4494	61531.66796875	49969	61576.4140625	17707	61714.015625	11857	62671.56640625	18411	63210.87890625	26134	63355.61328125	12706	63769.69921875	28455	64355.5546875	45372	64471.66015625	39294	64515.046875	13320	64573.46484375	31047	64698.1328125	
36589	74193.96875	35685	74380.7578125	22749	77207.0234375	22158	77567.109375	3556	78328.7578125	4784	79129.1953125	50318	79325.78125	4129	79723.2890625	12668	79903.9375	32691	80125.015625	8401	80243.765625	29122	80298.890625	19769	80383.296875	41616	80446.640625	48927	80460.4375	7430	80493.453125	7854	80539.6328125	12031	80717.5546875	24002	80779.5703125	39081	81019.9375	
38225	75732.3828125	39428	80204.4296875	21337	83104.28125	9872	84800.375	41709	85083.3828125	812	86331.9296875	26003	87140.515625	12979	88937.421875	24766	89037.4453125	25988	89386.890625	44522	89422.125	16954	90059.171875	48855	90637.90625	26091	90946.921875	6910	91442.1796875	48323	91606.3828125	29261	91635.6171875	1407	91825.5703125	11958	92206.140625	31478	92245.875	
29571	52466.04296875	16713	62047.2265625	51991	63078.6015625	17738	64129.95703125	20162	64178.171875	6692	64554.76953125	39559	65525.59375	29576	65721.4375	47664	66039.390625	50609	66757.265625	13867	67007.5703125	15585	67473.046875	29733	67799.828125	13043	67855.8359375	20904	68215.625	1934	68240.4921875	22413	68864.6953125	3176	68902.5	53268	69194.0234375	18142	69261.0390625	
52570	45344.85546875	52899	45616.75	41442	47625.5078125	35159	48800.05859375	53070	49481.43359375	22465	50376.61328125	45991	52035.56640625	16339	52064.61328125	14946	52135.890625	5761	53344.41796875	37107	53525.20703125	43367	53629.7421875	11117	53631.15234375	51757	53941.16796875	3723	54365.484375	33347	54445.359375	24988	54453.1953125	45121	55521.2265625	45067	55740.88671875	37209	55814.640625	
1265	32197.412109375	29139	34527.89453125	26533	37874.796875	13419	38348.94140625	21945	39254.33203125	28194	40239.359375	12853	42662.921875	25017	43215.6015625	4913	43289.05078125	8083	43599.06640625	1773	45590.96484375	47492	45895.28125	26491	46032.76953125	4485	46547.3125	26363	47379.80859375	44945	47816.26171875	16286	47820.06640625	10167	47898.37890625	43041	47944.6484375	1643	48149.015625	
16002	16670.6328125	32076	18703.32421875	15401	19625.794921875	47539	19997.234375	25800	20246.298828125	17509	21131.37890625	11887	21441.556640625	20482	21451.2734375	17783	21471.6015625	23080	22022.080078125	27832	22389.09765625	40163	22677.3828125	22859	22747.435546875	31784	22799.458984375	31358	22854.484375	8706	23392.572265625	49696	23508.72265625	21696	23601.662109375	29495	23613.462890625	44437	23614.41015625	
35224	54903.48828125	4957	55257.015625	26004	57872.11328125	39895	57906.9140625	51847	59391.5078125	26705	60930.35546875	35446	61015.0625	39002	61485.28515625	1859	62218.50390625	38333	62958.5859375	11571	63201.33984375	12727	63530.625	51651	63758.265625	18128	64113.33984375	30107	64406.69921875	16959	64472.54296875	33345	64525.5703125	844	64833.9296875	25913	64988.99609375	4378	65075.71875	
52003	75949.09375	26202	77424.2578125	25321	78096.7578125	46301	78974.2421875	27615	79536.984375	35132	79735.125	51281	80034.5078125	43277	80064.8671875	42859	80122.125	25966	80520.234375	19809	80623.7578125	33639	80704.9375	20407	80738.75	12881	80866.203125	9794	80923.5078125	8364	81000.3984375	42821	81292.1015625	33787	81360.0859375	31528	81522.65625	32336	81591.84375	
6373	44177.6328125	26332	46577.60546875	24670	46997.3984375	12178	47375.890625	10421	48209.046875	39575	48314.31640625	13034	48610.3828125	15769	48646.875	10919	48810.8828125	9493	49038.0703125	27178	49040.02734375	52005	49583.9921875	20691	49886.01171875	20819	50460.50390625	52177	50687.23828125	14773	50756.01171875	18133	51265.09765625	2457	51283.1484375	28489	51463.859375	875	51790.93359375	
10386	27327.9140625	3404	28367.783203125	48717	29311.328125	18059	29605.435546875	38878	29818.8359375	36397	30187.193359375	8479	30214.96875	37534	32405.994140625	24715	32673.1953125	38005	33050.93359375	43510	33135.84765625	10694	33327.26171875	53008	33634.16796875	22977	33768.78125	43089	33943.328125	49370	34023.2109375	12437	34509.05859375	19173	34735.58203125	47489	34883.52734375	51323	34935.91015625	
1897	49573.875	45455	50931.8359375	29324	51208.62109375	40592	52191.73046875	22128	52256.57421875	25916	52468.55078125	46360	53176.640625	31253	55638.09765625	49543	55822.62890625	31434	56004.8203125	50828	57476.62890625	20316	57704.44921875	45080	58209.421875	49617	58304.21484375	21507	59076.640625	13130	59176.02734375	21410	59222.1171875	49864	59563.6640625	29292	60064.90234375	11013	60722.7890625	
7170	64781.00390625	48339	66318.3671875	23774	69305.328125	42743	70013.6796875	517	72797.3125	32434	75780.21875	9189	79675.7109375	25472	80886.0390625	19018	80937.9140625	29111	81512.171875	33489	82544.7734375	20879	82771.859375	39511	83124.5	17873	83503.6484375	14955	83520.75	34447	83711.1171875	37555	84520.640625	9706	84921.2265625	15064	86356.125	52792	87949.84375	
20764	63964.6015625	50526	69755.921875	41063	69881.4921875	43904	70110.4765625	20948	70177.6328125	23379	73635.2265625	35210	74087.640625	38983	74394.8125	9353	74447.640625	11270	75087.4609375	47501	75155.8671875	49684	75915.28125	31429	76310.546875	38636	77301.2109375	14539	78371.4375	11454	78449.875	15222	78483.1796875	6912	78757.2265625	34548	78970.21875	33962	78984.7265625	
51674	76969.84375	49447	77173.734375	10639	77338.2421875	31332	78572.890625	14090	87390.96875	11979	87527.03125	21337	87907.625	23925	87970.0625	24415	88772.5390625	536	88918.4296875	33703	89247.328125	24473	89253.0234375	39204	89756.6953125	26866	89813.5703125	51793	89877.125	40575	90814.8828125	21675	90926.65625	9639	90934.6015625	37387	91084.1796875	4012	91100.078125	
34858	23185.818359375	15072	25965.841796875	11754	26604.986328125	25347	27960.89453125	654	28204.5546875	16581	28280.75390625	27393	28413.630859375	9815	28527.3828125	11581	28996.087890625	3261	30248.56640625	5531	31116.7890625	21893	31237.669921875	27224	31515.380859375	34672	31620.47265625	4501	31735.009765625	32507	31852.07421875	8856	32434.279296875	21167	32728.599609375	44238	32914.88671875	33869	32938.7890625	
38844	67040.21875	45770	72189.875	44104	73513.3125	5441	75747.671875	13720	76225.265625	28045	78565.21875	1180	79398.0859375	4522	79704.828125	40266	79836.3515625	43039	81468.6796875	12882	81602.484375	17828	81617.4765625	2582	81655.03125	40439	81831.3515625	26652	82429.453125	1613	82443.390625	11055	82513.6796875	41556	82696.2265625	10059	82735.0234375	50309	82803.9296875	
41986	49120.52734375	17435	50288.078125	18523	50762.7890625	37586	54376.609375	12492	55954.21875	23801	56168.18359375	2548	56502.34765625	11252	56601.453125	26302	56699.38671875	3759	56784.0703125	50946	57578.37109375	14067	57907.6484375	38050	57972.796875	21854	58587.2578125	43134	59134.3671875	20927	59280.0625	23367	59326.55859375	33062	60052.8359375	37392	60701.265625	15566	60705.0390625	
17752	27521.701171875	12624	28073.23828125	13442	32895.64453125	51098	33370.921875	16835	33768.484375	34954	33878.0703125	38001	34317.46484375	48259	34344.27734375	30668	34385.94921875	51788	34855.36328125	47974	35179.51171875	19748	35553.30859375	6444	35754.1328125	36225	36051.98828125	53162	36168.59375	32856	36731.34375	15607	36748.84375	42844	37010.99609375	48616	37595.63671875	41581	37726.6015625	
37522	32420.068359375	19902	33986.22265625	29092	35461.87890625	17057	37108.953125	40346	38097.36328125	47889	39169.5078125	51225	39353.921875	34620	39623.23046875	12699	39825.0859375	48484	39906.3671875	18965	40013	4700	40090.65234375	717	40248.29296875	14108	41179.32421875	46570	41217.7578125	42477	41382.94140625	26108	41829.859375	51245	41958.16015625	21229	42877.0625	41964	42901.6640625	
25668	72866.3671875	48118	73335.8359375	10453	75751.328125	42405	76364.28125	31694	77308.9765625	2232	77769.9765625	39002	78316.359375	24528	78563.7109375	8372	78589.2890625	35085	78782.84375	14133	78978.859375	26139	79122.9296875	45433	79533.9453125	337	79614.3046875	52138	79771.7109375	50346	80569.0234375	33607	80999.3671875	13581	81108.578125	38441	81276.734375	36263	81333.046875	
31017	67486.9140625	26916	67788.6171875	51311	71132.0546875	37687	72328.5546875	43410	74687.8359375	45141	74913.28125	31731	75588.2421875	4250	75910.9765625	7042	76284.515625	14282	76306.96875	7699	76505.46875	42144	76634.4609375	41821	76842.78125	16207	77029.375	33292	77220.34375	11817	77225.5703125	32063	78675.8828125	27592	78697.7265625	23792	79317	33492	79375.0390625	
19992	77707.6015625	19399	79603.2265625	49566	83476.0390625	30013	85226.8671875	5775	86228.078125	44557	86489.109375	31153	87608.2578125	9737	89956.6796875	17957	90488.328125	37272	90916.375	34539	92003.515625	1008	92144.046875	45254	92446.265625	12246	92539.359375	51320	92635.4609375	46328	92761.84375	7190	92833.53125	31215	93105.640625	5196	93232.8515625	47495	93238.078125	
10651	34306.9375	20591	41227.51953125	17178	43638.125	33749	44370.60546875	8605	44954.734375	14909	46119.96875	11850	46295.8046875	26484	46518.61328125	53345	46690.46875	30375	47220.80859375	13278	47619.203125	48869	47771.92578125	41133	48331.63671875	39387	48542.71875	37826	48757.18359375	1224	50107.6640625	3557	50159.73046875	3364	50182.03125	47618	50839.67578125	16676	51437.7421875	
21618	48614.5390625	22383	48645.65234375	13469	52048.015625	19706	53863.171875	42400	54342.28515625	5264	54818.07421875	50014	55175.9140625	25204	55460.5390625	25743	55473.96875	34418	55482.3984375	29161	55997.546875	42745	56647.5390625	19359	56704.140625	8382	56754.39453125	51721	57211.921875	41110	57576.11328125	36184	58052.1171875	50301	58583.13671875	24295	59119.6484375	19755	59227.671875	
9124	31824.587890625	5124	31842.021484375	30650	34277.2109375	32629	35239.30078125	52193	36321.61328125	6696	37028.66015625	41131	37981.7734375	36940	38283.9453125	48623	38494.42578125	48453	39604.46484375	6715	39638.6484375	5643	39857.13671875	16596	39909.4296875	7344	40184.015625	44872	40429.5703125	37935	40774.2578125	23513	40861.15234375	5919	41299.25390625	30792	41356.8046875	3145	42202.046875	
39990	27673.072265625	29304	28289.01171875	3715	33170.03125	11624	33362.08203125	1590	33815.86328125	24560	33828.62109375	45008	34141.91796875	27533	35057.06640625	42421	35110.12890625	13321	35431.91015625	22356	36447.53515625	25949	36489.83203125	29033	36729.02734375	19774	36908.46484375	43893	36943.16796875	34325	36979.28125	46140	37081.03125	13956	37584.9296875	44340	37655.94140625	43004	37695.5625	
6059	60422.890625	39299	66909.7578125	23868	69682.59375	13916	69804.171875	40433	70619.484375	16381	70719.5	19353	70760.28125	33223	71197.578125	21768	71956.3671875	51375	72259.71875	40912	72343.7421875	28471	72392.2890625	9509	72481.1328125	34442	72530.515625	21079	72593.1015625	8367	72621.453125	52246	72624.9609375	25918	72664.4296875	32891	72774.328125	50910	73027.234375	
3487	64579.1328125	46580	68090.5078125	13067	68717.0390625	19637	69666.90625	46710	70690.375	14120	70771.859375	39821	71294.3515625	1168	71352.6328125	18075	71545.1484375	23374	72067.9375	2861	72245.3125	26361	72420.640625	50755	72900.3359375	28597	72991.703125	45817	73297.421875	14917	73347.8046875	53272	73403.8359375	17210	73404.7578125	14100	73550.7578125	1600	73708.1875	
13284	44433.05859375	17583	51160.09765625	27636	51653.671875	51223	51862.0703125	23760	53555	19832	55003.0859375	39224	55112.91015625	41305	55498.72265625	37496	55666.87109375	31325	56325.25390625	53037	57959.28515625	20980	58486.9296875	38049	59457.59765625	1634	59738.76953125	44952	60125.96875	6060	61672.58203125	28693	61870.66015625	7394	62033.78125	51173	62847.66015625	24837	62934.2265625	
40937	33287.5390625	49193	34726.390625	45286	35643.9765625	36363	35965.53125	13456	36064.13671875	41126	36912.58203125	11749	38572.93359375	37902	38916.03125	27506	38999.7109375	51858	39058.9609375	21167	39545.26171875	25051	39644.46484375	32490	39800.03125	18131	39975.46875	40886	40139.734375	24257	40238.16796875	43208	40597.18359375	15497	40650.03125	11384	41367.80859375	17911	41545.7421875	
19668	48447.08203125	17302	49121.3125	45657	50180.39453125	19288	50711.58203125	19950	51930.0078125	26541	52428.3125	21473	52677.39453125	51199	53415.83203125	2006	53611.7578125	6977	54147.5859375	25912	54270.90625	21333	55019.6171875	3315	55278.52734375	1420	55606.125	18962	56494.265625	30903	56650.875	45590	56781.95703125	41519	57242.22265625	8402	57541.15234375	23568	57975.09765625	
30382	86723.6328125	18873	86879.59375	43578	87029.171875	22785	88728.5703125	37020	88867.71875	44899	90485.8203125	45895	91064.03125	3654	92457.671875	36827	92559.203125	34350	93879.7734375	6106	94415.5	29996	94415.8125	38868	94903.703125	13801	95062.0390625	2093	95525.34375	14641	96216.296875	8403	97157.078125	10971	97163.2421875	41087	97269.046875	51964	97436.109375	
19809	46416.3828125	23336	47023.52734375	12483	49012.9453125	51315	49400.33984375	30349	51098.48046875	19578	55487.3984375	10825	56085.51953125	28989	56187.078125	33007	57655.03515625	49689	58428.27734375	42821	58480.41015625	44685	58517.8984375	41384	58640.0703125	23341	58822.0859375	29634	59004.5546875	42859	59314.4609375	41139	60010.9140625	12033	60607.4765625	4216	60679.71484375	51628	60896.19140625	
47026	47498.77734375	46716	50247.796875	15340	50291.06640625	34314	50592.453125	20359	51098.69921875	5141	51240.38671875	11223	51420.484375	42883	51459.796875	25358	52764.63671875	19552	53147.62890625	38726	54857.5078125	50597	55027.25390625	31359	55100.3359375	33964	55297.8046875	9494	55370.7265625	9297	55555.4296875	27453	55783.8515625	15638	55890.99609375	27787	56231.65234375	14371	56495.734375	
7094	57241.44140625	28071	61722.6484375	42889	64379.67578125	25508	64778.984375	43193	65702.9296875	51970	66804.546875	26916	68383.734375	1809	68418.6640625	37125	69034.6328125	44347	69058.4140625	17706	69322.796875	40409	69606.171875	13540	70331.625	33305	70355.875	5570	70964.578125	46862	71763.25	17093	72052.859375	4835	72083.328125	29215	72226.21875	16916	72558.5078125	
17717	78952.625	10552	79191.71875	8858	80698.359375	17905	84891.53125	16107	86685.2890625	49348	87130.265625	13930	87816.1796875	37937	88184.0390625	17135	88419.5390625	18685	88469.734375	8554	89539.421875	37576	90007.2578125	32112	90050.8828125	3211	90418.9140625	3713	90498	38323	91388.453125	23463	91530.90625	39729	91687.0078125	11152	91941.7734375	22354	91964.0859375	
12345	59790.2421875	3302	63556.88671875	43937	63958.390625	9635	66808.8828125	46755	67081.0703125	6306	71465.921875	45068	74471.53125	15931	74534.953125	44401	74979.53125	11416	75145.828125	40257	76594.296875	20230	77256.453125	49128	77670.96875	10382	77725.5234375	41952	78025.453125	41939	78168.5625	7230	78623.578125	43020	79825.4609375	35323	80266.5	13328	80943.65625	
38367	55302.484375	24780	55582.9921875	26705	55604.8046875	20238	56038.9453125	16671	56263.234375	50505	56554.6328125	7762	57001.37109375	36158	57015.5703125	36991	57113.3515625	27445	57412.84765625	26602	57686.80859375	5706	58101.3671875	6639	58198.078125	1066	58602.35546875	7454	58754.58984375	47578	58782.95703125	20023	59085.7265625	36237	59092.79296875	40502	59274.4296875	40284	59417.5625	
21150	34034.2265625	14411	46406.96875	33668	46648.9609375	27999	49773.7109375	18678	50426.4453125	52629	55449.140625	38766	56519.3671875	43656	57056.671875	9151	57096.3046875	12608	57447.69140625	25408	57889.4375	8866	58558.2265625	35145	58633.515625	9354	59029.1484375	31204	59111.6484375	27218	59343.72265625	2613	59608.30859375	38493	59955.0546875	32792	59995.54296875	35578	60516.4921875	
1726	41467.67578125	4331	47257.30859375	16392	48226.05859375	52884	48342.16796875	27655	48388.0859375	40578	48716.296875	33202	48934.93359375	52626	49377.9921875	6235	49790.0546875	19293	49878.44140625	2911	50194.6640625	48507	50292.4296875	43886	50304.265625	38765	50340.9140625	35181	50576.96484375	52169	50580.73046875	19925	50616.22265625	47041	50730.28125	45975	50940.8515625	40230	51428.44921875	
41831	72710.3046875	8048	81510.15625	36500	87845.8125	19674	89547.7421875	26822	90110.1015625	21321	91444.7265625	27680	93643.0859375	30	94282.4609375	19254	94733.21875	31094	95112.0859375	46181	96202.1796875	14846	96279.0078125	18645	96987.3671875	28496	97269.671875	24277	97525.734375	17108	97759.453125	21364	97818.5390625	32853	98086.1640625	4448	98090.1875	41997	98267.390625	
34553	45966.8359375	34097	46475.4296875	19751	47463.53125	28035	47757.65234375	43223	48196.5234375	13201	49614.34765625	28909	49627.7109375	26911	49645.79296875	36577	49767.609375	26952	50080.828125	13905	50211.375	17956	50655.0234375	50654	50813.76953125	18054	51542.40625	34050	51851.55859375	31879	51869.49609375	1965	51943.6328125	51444	52086.48046875	23008	52087.3125	43247	52431.56640625	
21059	32856.33203125	36765	33165.2890625	8074	33167.47265625	53307	33523.0546875	49133	34723.3828125	35863	34859.55859375	8558	34978.7734375	37920	35986.91796875	18045	36233.79296875	1735	37352.06640625	27321	38000.12890625	43912	38029.484375	42093	38053.8359375	47940	38196.33203125	28471	38837.453125	52306	38986.8984375	15051	39068.02734375	33852	39782.515625	19315	39898.82421875	33596	39927.5390625	
45716	61138.5390625	15429	61875.69140625	38773	62572.8125	12774	64594.453125	11499	64992.05859375	11426	67207.0859375	11798	67653.5625	31773	67944.4296875	50029	67999.9765625	2354	68038.3671875	29879	68131.0859375	1537	68223.8203125	25261	69163.15625	11711	69563.8359375	36929	69660.1796875	14391	70222.6640625	38255	70604.6484375	42571	71206.9453125	42257	71337.0625	5488	71529.6640625	
6087	43318.80859375	21162	46243.796875	43777	46362.08984375	5249	46727.890625	34043	52671.08203125	22671	53274.54296875	45573	53309.3828125	14611	54119.29296875	8767	55739.5078125	5352	55805.234375	6423	56970.34375	39098	57252.515625	24001	57753.328125	43356	58215.984375	42671	58266.125	10572	58359.15234375	51389	58590.66015625	13986	58737.953125	42244	58862.453125	8967	59174.5625	
2875	29379.833984375	42754	32834.7265625	47457	32885.03125	14184	33579.3125	28848	34329.703125	18887	34574.46484375	41254	35297.16796875	50239	35712.19140625	47889	35777.375	4867	35931.70703125	17086	35969.3046875	17851	36903.578125	41634	36958.2734375	47932	37361.26171875	46400	38056.13671875	2765	38184.953125	63	38679.875	37970	39087.6171875	14765	39300.90625	28053	39324.05859375	
15329	50239.64453125	32973	51711.4765625	9758	53486.55859375	2704	53865.63671875	23766	57276.75390625	10969	58179.2265625	47851	58462.1953125	29765	58738.3046875	18995	58819.03125	19893	59351.32421875	33672	59846.9375	36459	59903.921875	33816	60154.96484375	12433	60227.0859375	45631	60235.3671875	47463	60540.4140625	33284	61538.265625	40171	62174.875	31252	62188.79296875	23848	62282.72265625	
1701	53659.73828125	23580	59256.76953125	15079	59777.0078125	38130	59901.8671875	45442	60947.3984375	40250	62611.92578125	16816	63065.72265625	3441	63240.85546875	43091	64792.140625	44801	64903.234375	32735	65259.5703125	23521	65622.984375	34771	65776.921875	22451	65996.9296875	8264	66104.9765625	49949	66445.28125	48674	66449.7890625	12136	66774.7890625	461	67026.2109375	13965	67145.9921875	
21401	47885.1328125	33636	52608.7265625	2500	52777.8046875	37156	52820.26171875	4522	53398.24609375	15460	53655.98828125	36997	54189.60546875	11079	54624.234375	23581	54785.6796875	33691	56216.2578125	30685	56347.66015625	52135	56490.15625	2872	56505.40625	25537	56721.53125	1325	57020.90625	39507	57118	43584	57335.20703125	4562	57377.59765625	42729	57542.63671875	35259	57694.75	
38685	50166.05078125	15431	55617.20703125	5723	55910.6796875	31266	56266.328125	15975	56445.4375	3954	56514.234375	36726	57256.11328125	34971	57505.125	31497	57789.0625	44647	57954.7265625	7144	58580.01171875	52512	58601.7890625	42784	58937.52734375	44631	59101.59765625	24299	59597.59375	29613	59692.78125	50037	59722.140625	13471	59790.69140625	8518	59798.54296875	50675	59831.43359375	
16828	55724.0078125	37138	58912.1484375	38736	67465.8203125	20915	67783.234375	27544	68493.4609375	52432	72811.859375	49199	73205.4453125	9978	73249.7890625	17787	74997.671875	51417	75745.953125	30493	75884.1640625	23137	76118.34375	53226	76354.421875	46509	76786.875	12126	76866.8671875	50837	77169.8046875	39447	77516.546875	9570	77586.28125	7929	77601.5078125	21563	79052.5625	
11602	38695.0234375	43503	46221.2734375	13548	46507.35546875	4437	47666.7109375	48176	48430.80078125	52518	49355.03515625	12101	49444.83203125	24846	49926.76171875	34288	49966.08984375	51917	49993.56640625	26661	50034.14453125	26289	50098.5234375	37094	50128.53515625	44129	51221.5	3457	51433.63671875	31158	52418.609375	19918	52515.87890625	47048	52754.49609375	40112	53301.26953125	1791	53454.1484375	
9060	26468.08984375	24502	26951.892578125	8716	27802.0625	45529	27950.986328125	45678	28401.27734375	33635	28859.40625	5405	29986.380859375	20951	30499.326171875	17215	30503.2734375	4970	30625.84765625	45822	30655.0546875	53235	31877.30859375	44628	32403.458984375	32985	32617.96875	45491	33211.63671875	40576	33473.390625	37236	33514.89453125	27965	33645.80859375	37688	33931.328125	48943	34158.6484375	
24885	27109.2265625	30880	30137.919921875	1173	31062.326171875	172	31581.806640625	30561	32636.84375	24523	33911.62109375	2665	34248.3828125	24356	34488.921875	7674	34500.796875	27187	34953.9453125	20649	35254.90625	23793	35323.41796875	24637	35435.28515625	6471	35489.296875	38031	35511.765625	19473	35709.4140625	16727	36106.1875	15996	36381.72265625	36371	36441.17578125	19397	36735.99609375	
627	33776.38671875	38831	46307.265625	18254	53139.9375	44148	55777.05078125	7812	55780.1875	33951	55920.58984375	1553	58436.1171875	10304	58498.40625	27723	58831.30859375	12369	59226.13671875	21971	60060.96875	3705	60638.81640625	27681	60787.7734375	13724	60883.03515625	36642	61628.8359375	6544	62035.43359375	7479	62157.73828125	39507	62279.484375	14952	62332.85546875	21983	62653.5859375	
18823	74907.578125	21354	74978.359375	18185	75478.09375	42955	76358.8984375	47484	77557.78125	5456	77678.875	37870	78576.203125	14270	79827.6171875	5576	80164.6171875	47280	81160.3828125	3692	82020.046875	52700	84850.8203125	917	84871.3984375	39619	85238.828125	40275	85300.1796875	27611	85520.5546875	35102	85608.171875	4767	86227.1796875	36328	86254.8671875	24236	86345.8515625	
25599	47074.05859375	44466	55546.734375	52944	57960.03125	42300	58372.0234375	11607	58972.78125	22769	59555.5234375	23909	59738.79296875	40753	60258.203125	44919	62119.7734375	35843	62246.09375	45835	62486.16796875	30983	62494.87890625	16275	62506.04296875	14983	62676.10546875	7187	62966.16796875	31000	63070.47265625	37998	63165.8046875	32328	63333.015625	39845	64005.6953125	14727	64050.125	
30464	45836.9765625	53220	53829.19140625	46233	54237.5546875	25775	55256.64453125	42688	55834.68359375	52465	56803.83984375	35917	56844.30859375	11192	57527.77734375	17772	58168.984375	5257	58405.03515625	41286	58536.94140625	7107	58717.08203125	11877	59392.62109375	17504	59660.35546875	36635	60164.44140625	46872	60589.421875	39700	60601.15234375	46115	60619.15234375	23947	60740.36328125	25978	60936.9765625	
15071	65144.875	35320	73805.3203125	42822	84348.421875	45783	85004.984375	4171	91017.4453125	39623	91550.859375	4095	91737.6015625	18079	91784.1953125	7900	92673.3515625	44024	92810.109375	21496	93735.828125	11501	94045.0078125	43807	94292.0078125	43164	94608.8203125	31076	94693.40625	11843	95083.8203125	38762	95131.6640625	51796	95149.140625	2095	95319.9140625	23925	95846.15625	
31067	36419.0546875	29356	40887.703125	23341	41095.1875	36421	49415.2109375	12239	50236.875	52529	50681.50390625	20551	51092.4453125	26411	51338.8359375	30349	51907.42578125	38222	52112.61328125	35991	52768.12890625	9573	53143.984375	39786	53155.67578125	16544	54067.81640625	43972	54095.30859375	47754	54154.75	21856	54339.3671875	8388	54783.29296875	12657	55056.33984375	44345	55438.2109375	
1303	24186.0625	22252	27056.375	14550	28445.0703125	17570	28555.236328125	26238	29611.65625	51324	29843.58203125	23767	30019.23828125	50535	30024.94921875	12252	30127.55078125	52888	30702.5	27949	30791.51171875	1887	31210.35546875	45377	31350.826171875	15016	31545.607421875	53276	32016.138671875	1547	32117.85546875	26678	32322.380859375	47961	32695.373046875	51888	32833.63671875	2194	33145.37890625	
47827	58171.87109375	3225	61954.9609375	41784	65348.16796875	2796	67044.921875	47033	68063.7578125	5472	68800.125	31196	69214.5859375	25081	69808.46875	42217	71650.7734375	11204	73523.265625	32409	74064.3125	18619	74157.75	40132	74399.3359375	26265	74535.34375	12084	74591.78125	33977	75669.34375	23108	76563.75	38585	76645.4140625	45711	76836.0546875	47700	77370.265625	
1063	49835.1328125	2667	53156.99609375	9902	53202.98828125	7752	54353.109375	14134	54588.8125	44157	54829.546875	3360	56340.8046875	17305	58153.359375	14562	60810.4921875	22332	61449.90234375	30847	62258.56640625	44168	62726.25	10880	63069.6484375	37173	63407.8515625	21960	64538.77734375	45343	64884.72265625	51410	65785.3359375	32189	66071.875	36101	66509.4765625	38223	66912.328125	
18354	39966.87890625	19453	40240.0859375	51005	40892.44140625	51444	42060.76171875	3989	42252.26953125	33313	42464.15625	45502	44078.94140625	17130	44134.59375	34553	44194.6484375	38366	44305.82421875	6689	44341.8359375	25431	44750.4765625	28145	45036.11328125	50199	45056.625	23418	45095.9921875	28235	45320.0546875	43623	45594.05078125	44787	45646.62109375	8695	45749.453125	18822	45767.671875	
7154	22401.779296875	1246	23944.328125	10302	24527.267578125	12338	24784.41015625	33583	25115.59765625	26005	25749.390625	35548	26028.345703125	11925	27151.232421875	30421	27254.099609375	4648	27721.291015625	48660	27806.76953125	49533	27988.09765625	48670	28076.654296875	37439	28599.49609375	35934	28726.904296875	27640	28778.08203125	32268	28948.384765625	20454	29331.435546875	28958	29883.435546875	49149	30299.169921875	
48583	58810.94921875	20882	67256.0390625	41494	67343.6328125	45544	69205.65625	44296	73321.6484375	29602	73609.390625	46082	73770.328125	37978	74451.5546875	50306	74693.546875	18972	74843.8828125	42554	77262.5234375	47841	77515.4609375	3988	78169.9609375	6927	78283.46875	44462	78431.7265625	27642	78581.4765625	37033	79012.5625	45940	79339.6328125	14161	79633.0390625	30564	80698.15625	
49296	33149.22265625	49047	34581.91015625	48744	36005.4453125	20514	37548.9296875	28865	39036.6484375	41366	39846.53125	47401	40414.51953125	51317	40595.04296875	46982	40845.49609375	50328	41080.1328125	6415	41101.57421875	24031	41159.15625	33894	41390.44140625	19070	42078.53515625	21678	42213.7890625	46806	42386.72265625	27639	43058.7265625	15137	43165.1875	21672	43419.14453125	9735	43824.91015625	
22101	27469.7734375	45761	28554.357421875	6549	28696.0390625	20659	30233.759765625	17413	31310.234375	45931	31547.931640625	44551	32196.947265625	37935	32733.3984375	16596	33383.14453125	25701	33845.015625	33595	35100.75	16792	36021.00390625	19546	37004.87109375	30792	37096.44140625	30148	37360.421875	24058	37575.10546875	39384	37655.515625	42022	37706.1875	18110	37924.109375	35889	38066.62109375	
30269	32498.57421875	21325	34766.0625	31849	36036.5390625	22819	36443.83984375	32341	36555.1640625	50997	38915.875	49557	39444.03125	39942	39590.7890625	2857	39798.6953125	35128	40001.66015625	19380	40509.22265625	22018	40718.9453125	10791	40948.7578125	40518	42402.40625	22411	42696.26953125	36160	42729.84765625	1002	43099.09375	23439	43675.8125	26467	43732.1875	37047	44376.76953125	
20157	22964.275390625	6495	23416.921875	40773	25294.521484375	43131	26714.173828125	19616	27278.255859375	20549	27303.125	46658	27346.263671875	9962	28489.24609375	12878	29148.025390625	1780	29570.74609375	12052	29670.591796875	7154	30162.68359375	387	30324.083984375	27365	30402.689453125	5701	30434.10546875	45825	30578.3203125	24774	30672.544921875	8461	30748.98046875	48416	30900.9375	31560	30959.99609375	
13110	21711.087890625	31060	23512.2578125	36090	25687.4140625	39639	25713.935546875	26855	26520.1328125	4375	28718.98046875	21793	28737.86328125	33592	28762.009765625	39717	29610.435546875	37476	30248.005859375	1009	30447.078125	53094	30621.919921875	36422	30826.5078125	42876	31063.529296875	51608	31325.302734375	2889	31966.29296875	29972	32017.654296875	20266	32089.048828125	30182	32302.810546875	11398	32377.673828125	
37736	31868.130859375	27018	32560.54296875	7086	32750.775390625	29950	32910.91796875	35856	32971.4609375	27112	33687.86328125	29194	33871.8046875	39218	37689.29296875	37073	37815.6171875	52478	37865.73828125	52975	38453.6171875	37536	39360.33203125	47429	39377.19921875	1527	39763.203125	40382	39861.2890625	12664	39965.12890625	7380	40225.78515625	8400	40497.0703125	4395	40611.875	38894	41145.3203125	
16876	20666.345703125	42172	28372.107421875	19182	29187.36328125	16169	29497.04296875	25262	31456.15625	42919	31702.8671875	35248	31826.0234375	9221	31960.58984375	34829	32200.482421875	2555	33086.765625	5840	33202.84375	21242	33257.58203125	47575	33371.8046875	35108	33572.69140625	47376	33579.0703125	12715	33737.48828125	5095	33775.109375	25137	34496.1875	1448	34536.51171875	35573	34866.67578125	
4033	52669.4609375	35408	57234.6328125	51852	57321.66015625	14027	61784.05859375	29609	61815.72265625	41105	62947.14453125	5570	65533.9609375	2340	66446.9296875	17817	66514.109375	50305	66571.2109375	6506	66854.75	32676	66856.046875	37616	67335.1640625	16338	67451.9296875	22991	67636.1875	52025	67820.1796875	32674	67840.9375	49105	67970.4375	34567	68398.453125	46728	68468.703125	
5886	38087.70703125	20825	40892.74609375	24622	41408.62109375	2574	41455.3203125	24417	41494.78515625	41861	41973.5078125	32424	42041.71484375	19658	42241.1015625	11469	43012.05078125	17607	43480.69140625	26609	43834.80078125	27350	44069.1953125	7835	44173.25	38277	44605.96875	3670	44886.67578125	46884	45473.98828125	9971	45547.43359375	38934	45597.00390625	36952	46780.06640625	41553	46874.35546875	
