200 20
1285	0.3747768998146057	7854	0.3862052857875824	46909	0.3863939344882965	47867	0.391205221414566	19768	0.3927644789218903	23679	0.3930941820144653	4856	0.3955250382423401	13562	0.3956601023674011	15140	0.4005249440670013	32779	0.40203458070755	36060	0.4033147990703583	21991	0.4048579335212708	17097	0.4056965112686157	10703	0.4057519137859344	21135	0.406157523393631	12896	0.4081663489341736	23642	0.4100829362869263	43152	0.4106225371360779	25434	0.4107043743133545	4816	0.4112246334552765	
5514	0.4199314415454865	7902	0.4334796965122223	18985	0.4509123265743256	17747	0.4513072073459625	7061	0.4529976844787598	42727	0.4563975632190704	42202	0.4566235244274139	1912	0.4587967097759247	39682	0.465537041425705	43590	0.4660829901695251	48258	0.4666259586811066	47800	0.4679407477378845	2644	0.4700884222984314	35080	0.4703317284584045	30713	0.4727122485637665	882	0.4727532565593719	28029	0.4730826914310455	12282	0.4734787940979004	36128	0.4752918481826782	39573	0.4768303334712982	
35716	0.1850500106811523	8712	0.2617097198963165	38659	0.2645326554775238	46455	0.2697851657867432	23894	0.2717069685459137	26446	0.2732676565647125	22728	0.2742410898208618	30918	0.2747877538204193	60	0.2757222950458527	2944	0.2757760882377625	42397	0.2789427936077118	4853	0.2832823097705841	43128	0.2837037444114685	2003	0.2840278744697571	30803	0.284448504447937	13877	0.2847597599029541	34965	0.2868019938468933	18175	0.287836104631424	32674	0.2879003286361694	9064	0.2891597747802734	
40011	0.3327117264270782	31609	0.3402950167655945	48671	0.3411998450756073	45511	0.3412598669528961	49307	0.3419448733329773	10925	0.3430696427822113	1561	0.3444795906543732	24453	0.3454594314098358	30091	0.3456133306026459	34239	0.3456891477108002	10637	0.3459808528423309	37324	0.3515705466270447	47444	0.3522519767284393	48830	0.3544279634952545	17028	0.3549377024173737	43085	0.3552187979221344	22986	0.3552399575710297	49342	0.3560483753681183	16005	0.3574448525905609	8248	0.3575525879859924	
10680	0.3560511767864227	49937	0.3662478625774384	39330	0.3721951246261597	4795	0.3742616176605225	44805	0.380219429731369	9114	0.3814781308174133	138	0.3816719651222229	7400	0.3843870759010315	30577	0.3847648203372955	21849	0.3847723603248596	34842	0.38602614402771	47642	0.3868323862552643	20980	0.3878311216831207	11870	0.3878624439239502	26550	0.3883238136768341	7531	0.393850713968277	17317	0.394664466381073	4561	0.3953239023685455	2891	0.3961482346057892	43221	0.3962043523788452	
21513	0.1620800048112869	26228	0.1774904280900955	14215	0.1801517605781555	6116	0.1810877919197083	34	0.1905089765787125	42905	0.1912368685007095	48490	0.1961773931980133	4266	0.1966791450977325	41582	0.1980192065238953	41129	0.1996286064386368	41231	0.2061309814453125	47004	0.2064574658870697	46808	0.2071526050567627	32025	0.2124337255954742	21633	0.2127131223678589	41415	0.2144462317228317	11599	0.2200776040554047	41828	0.2208931744098663	19237	0.2209935784339905	12333	0.2211929559707642	
41265	0.2633540332317352	646	0.2698003947734833	35052	0.2830047011375427	9629	0.3061462938785553	48580	0.3069305121898651	47704	0.3082552552223206	4743	0.309008777141571	19901	0.3094640374183655	48078	0.3102993369102478	40808	0.3109489381313324	3231	0.3114607334136963	22801	0.3117508292198181	10452	0.3118268847465515	40968	0.3125034868717194	364	0.3134987354278564	46592	0.3139424920082092	32088	0.3147038519382477	7435	0.3157485723495483	23678	0.3162256181240082	4505	0.3185716271400452	
24847	0.2825482487678528	23202	0.3021867573261261	33811	0.3048008978366852	14409	0.3056153953075409	28785	0.3084135949611664	18336	0.3091197311878204	29163	0.3096615076065063	37997	0.3101342022418976	39261	0.3103172481060028	27806	0.310581773519516	25010	0.3112972378730774	8379	0.3130316734313965	33903	0.3137692213058472	24081	0.314970076084137	6533	0.315103679895401	31734	0.318470686674118	3537	0.3190916776657104	37814	0.3197586834430695	10847	0.3208754658699036	23883	0.3212469816207886	
45823	0.3039786219596863	43433	0.3073336482048035	6820	0.3077593743801117	10720	0.3107382357120514	22499	0.3127120137214661	8791	0.3208992779254913	28776	0.3229752480983734	21053	0.3252407908439636	12107	0.3304668962955475	34792	0.3310937583446503	7043	0.3343527615070343	37327	0.3345686793327332	18946	0.335174024105072	9885	0.3372746706008911	21207	0.3376094102859497	26286	0.3408308029174805	19730	0.3410573601722717	16304	0.3433862626552582	42194	0.3435343205928802	35009	0.3442172408103943	
8690	0.2716807126998901	11256	0.2725585699081421	23866	0.2738880813121796	20510	0.2776846885681152	2889	0.280266284942627	36920	0.2819847166538239	9323	0.2825240194797516	5350	0.2837695777416229	9568	0.285894513130188	16415	0.2859466075897217	26689	0.2870086431503296	28209	0.2878909707069397	29341	0.2879040539264679	1493	0.2912771701812744	5896	0.2915894389152527	44179	0.2919046580791473	5785	0.2922126352787018	10690	0.2930968999862671	34452	0.2932173609733582	13468	0.2940255403518677	
20767	0.1367013901472092	6314	0.2472490668296814	17293	0.2522154748439789	40295	0.2588704228401184	22523	0.2591627240180969	39041	0.2627178430557251	1806	0.2640798389911652	45717	0.2641662955284119	38496	0.264666736125946	1493	0.2654127478599548	37451	0.2669825553894043	24090	0.2670778632164001	2514	0.2697210013866425	32296	0.2716538310050964	48539	0.2718033194541931	35134	0.273002028465271	8325	0.2740117311477661	36574	0.2746512889862061	12770	0.2756509482860565	42793	0.2776998579502106	
24392	0.2945756912231445	36738	0.3099708259105682	19679	0.3195028007030487	49047	0.32565838098526	43942	0.326633632183075	44708	0.328792005777359	7446	0.3304701447486877	40929	0.3306421339511871	3194	0.333227127790451	24453	0.3333877623081207	17250	0.3349241614341736	1639	0.3359634578227997	47145	0.3362174928188324	14213	0.3363462388515472	22558	0.3363617956638336	26551	0.3371155261993408	5448	0.3372521102428436	8262	0.3373390138149261	8248	0.3375594317913055	8231	0.3379495739936829	
35103	0.2674708962440491	16569	0.2716244459152222	10971	0.2735693454742432	12683	0.2801384329795837	47895	0.2834737002849579	32220	0.2861559391021729	3085	0.2919878363609314	25693	0.2925426065921783	29565	0.2926432490348816	7493	0.2952447831630707	6745	0.2957847416400909	49252	0.2965377867221832	49059	0.2974156141281128	4232	0.2986351847648621	41598	0.2991540133953094	8368	0.2992280125617981	35598	0.2998545467853546	3823	0.2999851107597351	46412	0.300271064043045	43484	0.3009899258613586	
28869	0.1812907159328461	17471	0.1916701644659042	874	0.1929869204759598	994	0.1941253691911697	31096	0.1963769942522049	15702	0.1968890279531479	41798	0.1977648884057999	41489	0.1996583193540573	30948	0.2017447799444199	31861	0.2023990303277969	30274	0.2031210064888	7229	0.2047611773014069	49209	0.2057878226041794	21479	0.2065017968416214	3046	0.2077885419130325	36637	0.209981843829155	41050	0.2139071226119995	34454	0.2166545838117599	21567	0.216662272810936	41250	0.2167928516864777	
7221	0.2661804854869843	21486	0.2687341272830963	8847	0.2797876596450806	4084	0.2818896770477295	20710	0.2855426073074341	21052	0.2907436192035675	32720	0.2975018322467804	34175	0.2989303469657898	1452	0.3010432124137878	17696	0.3019310534000397	13306	0.3049527406692505	2616	0.3063556551933289	28361	0.307753324508667	5437	0.3081889450550079	48528	0.308349996805191	1040	0.3090833425521851	26072	0.3104696273803711	40093	0.3104827404022217	43723	0.3110334873199463	43936	0.3115341663360596	
37963	0.1621978282928467	47135	0.1755162328481674	37441	0.1887947022914886	15235	0.2909179031848907	31147	0.3138957321643829	12821	0.3206014335155487	49735	0.3207309246063232	8029	0.3227880597114563	47933	0.3234953284263611	10240	0.3235341012477875	34247	0.3245844841003418	9718	0.3245916962623596	36763	0.3261949121952057	8651	0.3267896175384521	10111	0.3276092708110809	26206	0.3282186388969421	21448	0.3286591172218323	31893	0.3289331495761871	21572	0.3298014402389526	33087	0.3300028741359711	
19629	0.2423819154500961	46643	0.2825793027877808	32661	0.3151327073574066	48763	0.3175533711910248	30567	0.3319967985153198	5344	0.3354084491729736	44248	0.3369106650352478	35008	0.3409437537193298	48001	0.3424144983291626	385	0.3424986004829407	36284	0.3437155783176422	44918	0.3438060879707336	3796	0.3449850678443909	36508	0.3473252952098846	3257	0.3488451540470123	14397	0.3503722846508026	46009	0.3512705564498901	16511	0.354341059923172	20674	0.3548690974712372	28403	0.355155885219574	
13258	0.2092920243740082	37487	0.2105564475059509	47358	0.2137775123119354	18230	0.2163014858961105	16081	0.2197353094816208	19183	0.2198948413133621	34975	0.2244176715612411	16484	0.2257573008537292	5438	0.2264707088470459	17037	0.2280790209770203	4020	0.2290409654378891	32750	0.2295868098735809	27613	0.2302846163511276	23892	0.2316292077302933	33585	0.2325203567743301	39504	0.2328504770994186	45412	0.2328678071498871	31683	0.2335338592529297	26006	0.2354621291160583	30520	0.2373964041471481	
26049	0.1743924170732498	2148	0.1905084252357483	597	0.1953296363353729	22931	0.1973141580820084	37289	0.197923481464386	29018	0.1980544626712799	32665	0.2022415846586227	43540	0.202680915594101	30338	0.2074690312147141	7064	0.2083650231361389	26703	0.2083998918533325	47676	0.2085328102111816	24063	0.2108273059129715	278	0.2127933353185654	30195	0.2135136425495148	33058	0.2145441770553589	46721	0.2154878824949265	27431	0.2161995023488998	41795	0.2170073091983795	15553	0.2180046439170837	
41513	0.3135751485824585	31193	0.3343482315540314	3558	0.3427371978759766	16458	0.3461520075798035	48363	0.347136527299881	3427	0.349727988243103	5519	0.3503938019275665	16959	0.3508272469043732	49159	0.3508783876895905	38457	0.3508921265602112	11630	0.3524967730045319	30966	0.353439062833786	2301	0.353516697883606	35882	0.3543444871902466	13663	0.3544691503047943	45007	0.3565527200698853	10982	0.3601601421833038	18761	0.360876739025116	29376	0.3614922761917114	15167	0.3633389174938202	
4561	0.322859913110733	11637	0.3352686762809753	14988	0.3514411151409149	22578	0.357327789068222	7273	0.3624247014522552	48156	0.3642641603946686	45208	0.3650751113891602	32747	0.3675337135791779	44117	0.3693393468856812	34912	0.3718750178813934	21060	0.3726520240306854	7531	0.373156875371933	12776	0.3744785487651825	36758	0.3747058808803558	33365	0.3752104640007019	17943	0.3780448734760284	34732	0.3783528804779053	45639	0.3784940540790558	40622	0.3787689507007599	28682	0.3792455494403839	
10731	0.2939279675483704	2282	0.3028052747249603	8525	0.3061890304088593	9713	0.3123622536659241	49275	0.3140711188316345	33051	0.3170912861824036	49881	0.3172926604747772	16380	0.3173326253890991	37024	0.318829745054245	38299	0.3204780220985413	22613	0.3207320272922516	30580	0.3210380375385284	46449	0.3213726878166199	13324	0.3217487335205078	41207	0.3221016228199005	12476	0.3231328427791595	15001	0.3247002065181732	40212	0.3258123695850372	24890	0.3260621428489685	21773	0.3261933922767639	
33697	0.2145997136831284	15321	0.2398853152990341	3524	0.2465134263038635	46764	0.2467949837446213	23909	0.2474176287651062	32807	0.2488175630569458	39210	0.2494560480117798	43973	0.2496992945671082	31349	0.2511201202869415	28703	0.2518743574619293	29641	0.252062201499939	15985	0.2531591355800629	44908	0.254112184047699	14579	0.2550593316555023	25788	0.2560424208641052	28486	0.2561947405338287	42241	0.2564214766025543	8097	0.257391095161438	6179	0.2584064602851868	19935	0.2595073580741882	
6880	0.3605057001113892	16535	0.3652348518371582	48604	0.3714787065982819	14319	0.3776131272315979	30320	0.379157155752182	25895	0.3802404403686523	40760	0.3880481719970703	49356	0.3890452682971954	22861	0.3910170495510101	13505	0.3913853168487549	8532	0.3918750882148743	15017	0.3957425951957703	18159	0.3959701657295227	40613	0.3961985409259796	469	0.3964730799198151	732	0.3965299129486084	37455	0.3968147039413452	36806	0.3970287442207336	49453	0.3974200785160065	26880	0.3983844518661499	
9174	0.3428272306919098	14836	0.3591214120388031	15873	0.365673303604126	1610	0.3708992302417755	15766	0.3717048168182373	41358	0.3726244270801544	18913	0.373054176568985	18898	0.374459445476532	14959	0.3756820857524872	44855	0.3761642277240753	47012	0.378660649061203	11145	0.3804763555526733	33280	0.3828185200691223	19768	0.3851244151592255	31430	0.3854082524776459	25124	0.38697749376297	24923	0.3872749209403992	6012	0.3875513672828674	47867	0.388676792383194	41271	0.3902227878570557	
5744	0.2974400222301483	42400	0.3074173033237457	16605	0.3187433481216431	40728	0.3190270662307739	3139	0.3232167959213257	26641	0.3236700296401978	21926	0.3239186406135559	37363	0.3243878185749054	39331	0.3264683485031128	3683	0.326669842004776	44017	0.3282952904701233	4995	0.3291527330875397	14344	0.3295695185661316	12328	0.329763650894165	21849	0.3306189179420471	879	0.330720067024231	15025	0.3318310678005219	1565	0.3332062661647797	15585	0.3338343799114227	31384	0.3340879678726196	
12319	0.2929772436618805	20579	0.2987412810325623	38084	0.3003522455692291	49017	0.3070614039897919	45479	0.31353959441185	37561	0.3149128556251526	47951	0.3168840110301971	24336	0.3174815773963928	12061	0.3186053037643433	42852	0.3192861378192902	10440	0.3200603723526001	22063	0.3201435804367065	521	0.3206980228424072	24546	0.3216776251792908	46324	0.3219847083091736	46468	0.3222900629043579	40081	0.322564423084259	42430	0.3226009905338287	8107	0.3232281804084778	17769	0.3235507905483246	
4715	0.1889429837465286	28229	0.1899677217006683	42047	0.1909006834030151	7416	0.1916413158178329	13595	0.1935892403125763	43125	0.1963467746973038	40689	0.1969258338212967	34210	0.1969717741012573	16308	0.1975612789392471	14606	0.198314294219017	38982	0.1991002559661865	8309	0.200006365776062	26390	0.2000111490488052	19739	0.2016967236995697	39519	0.2018813937902451	47160	0.2032890766859055	39718	0.2043878883123398	13782	0.2045612782239914	39907	0.2048843801021576	21479	0.2057398408651352	
11825	0.2715299427509308	1340	0.272219330072403	6346	0.2739717960357666	18371	0.2780351638793945	38754	0.2782344222068787	1620	0.2786298990249634	36210	0.2801036834716797	895	0.2815724313259125	46257	0.2825213372707367	12881	0.2835913002490997	16015	0.2840756773948669	1272	0.2848120629787445	48601	0.2867891788482666	41799	0.2876092493534088	19966	0.2881465256214142	7302	0.2887119650840759	9384	0.2890899479389191	33591	0.2891808748245239	10825	0.2894145250320435	26821	0.2894754111766815	
39430	0.2354397475719452	41669	0.2413102835416794	23382	0.2448036372661591	1535	0.2459504008293152	36574	0.2524494826793671	30200	0.2528733909130096	12161	0.2543404698371887	17327	0.2575643360614777	737	0.2577160000801086	23724	0.2582147419452667	18355	0.2589787840843201	7579	0.2601832449436188	42597	0.2605477571487427	9905	0.2609734237194061	49370	0.262971431016922	5020	0.2632821500301361	30744	0.2635155022144318	39576	0.2641576826572418	26300	0.2642198801040649	9139	0.2642471194267273	
31401	0.2635992169380188	30009	0.2925378084182739	27033	0.3085299134254456	32580	0.3156853914260864	49453	0.318230926990509	15054	0.3206537365913391	37821	0.3277239799499512	26794	0.3312306106090546	558	0.3313945829868317	4840	0.3320542275905609	20971	0.3323435485363007	29942	0.3344616889953613	36439	0.3353888094425201	34847	0.3374554812908173	171	0.3378854990005493	18484	0.3386988937854767	7793	0.3401422798633575	1058	0.3408942520618439	23228	0.341021865606308	44189	0.3416806161403656	
1445	0.2640429735183716	37829	0.2667228579521179	33111	0.271083652973175	43450	0.2725424468517303	23286	0.2743073105812073	12512	0.2769231200218201	48811	0.2782281339168549	41109	0.2786587774753571	43114	0.2789958417415619	26308	0.2793311774730682	28195	0.2801735997200012	30043	0.2802481949329376	23994	0.2807972729206085	36546	0.2809066772460938	21063	0.2821230590343475	22155	0.2834180891513824	10910	0.2839691936969757	13017	0.2845902144908905	16824	0.2851161360740662	22613	0.28512042760849	
42	0.2401003688573837	24457	0.2586190700531006	39973	0.2627553343772888	17406	0.2655771672725677	33451	0.2737654447555542	44520	0.2738096117973328	41000	0.2785519063472748	27079	0.2803605496883392	23340	0.2806011140346527	16477	0.2809854447841644	49637	0.2813026309013367	12878	0.2816429436206818	30547	0.2825048565864563	24760	0.2842698693275452	7113	0.2848537266254425	48644	0.2864947021007538	36547	0.2865323424339294	2556	0.2866368293762207	49452	0.2886850833892822	27393	0.2892656028270721	
16774	0.3558768630027771	5560	0.3605771958827972	7180	0.3618005216121674	2304	0.3682489097118378	44601	0.3710462749004364	38889	0.371396541595459	13751	0.37221959233284	34029	0.3725488185882568	32483	0.3785938322544098	22861	0.3791715800762177	28342	0.3792001903057098	27723	0.3801321983337402	2349	0.3801765441894531	35539	0.3803887963294983	27552	0.3804729580879211	12774	0.3806473314762115	12857	0.38071209192276	5221	0.3808793127536774	2048	0.3813201785087585	1519	0.381636768579483	
28877	0.2857173979282379	28400	0.3089209794998169	13701	0.3131103217601776	14079	0.3135173916816711	19990	0.3145455718040466	42732	0.3193448483943939	30654	0.3198553621768951	29911	0.3218494951725006	26952	0.3231905400753021	23945	0.3236823379993439	49924	0.3248972594738007	2965	0.3258323669433594	21864	0.3260707259178162	41120	0.3261721730232239	43021	0.3262640833854675	936	0.3267033398151398	37212	0.3271406888961792	45779	0.3281268775463104	25373	0.3290937542915344	8308	0.3293398022651672	
12746	0.3079219162464142	26214	0.3086662590503693	18305	0.3124428391456604	14823	0.3147827088832855	47816	0.3165791034698486	32804	0.3168137669563293	17785	0.3209747672080994	20615	0.3261110186576843	33856	0.327092170715332	9541	0.3272638022899628	47809	0.328099250793457	10034	0.3287743330001831	17217	0.3288148939609528	30909	0.3290599584579468	48659	0.3299965858459473	24964	0.330933153629303	49861	0.331084132194519	678	0.3312368988990784	35958	0.3314636647701263	29468	0.3315379917621613	
33762	0.3734144270420074	45254	0.4017530679702759	47165	0.4026325643062592	47473	0.4053758978843689	47527	0.4091519117355347	35710	0.4116312861442566	30041	0.4135449230670929	31853	0.4169895350933075	30861	0.4187492728233337	39212	0.4203821122646332	41428	0.4209365546703339	24118	0.4218287169933319	30966	0.4234661757946014	25617	0.4235588908195496	36689	0.4238103628158569	40110	0.4247275590896606	31532	0.4249874949455261	8884	0.4257022440433502	48043	0.4268136322498322	17413	0.4270110428333282	
3106	0.3117154836654663	174	0.3276955187320709	33123	0.3361155986785889	15223	0.3393025994300842	45052	0.3436888158321381	6967	0.3448946475982666	47783	0.345224142074585	44609	0.3453996777534485	37926	0.3455223739147186	5520	0.34615758061409	15130	0.3489848673343658	22820	0.3496114611625671	10374	0.3503685593605042	5289	0.3506055176258087	12730	0.35299351811409	43563	0.3534400463104248	24706	0.3539451658725739	25644	0.3543598651885986	40697	0.355310469865799	8767	0.3553370833396912	
10999	0.2703758776187897	41194	0.2706057131290436	2553	0.274737685918808	41843	0.2748876512050629	49397	0.278754860162735	25465	0.2897642850875854	10817	0.2919678092002869	9850	0.29229736328125	8614	0.294020414352417	44344	0.2969315946102142	43589	0.2970312237739563	38651	0.297709047794342	30359	0.2995255589485168	36866	0.2997098565101624	41191	0.3000435531139374	29109	0.3001281023025513	9212	0.3009586036205292	44375	0.3015711605548859	13357	0.3019038736820221	10172	0.3028641641139984	
25448	0.3726505041122437	45041	0.3794346153736115	13455	0.3814963400363922	35482	0.3820939362049103	26717	0.3831363916397095	41218	0.3880121111869812	1328	0.3894654512405396	48421	0.3902989625930786	36939	0.3903013467788696	40346	0.3942784368991852	23883	0.3959938883781433	23937	0.3966844379901886	3681	0.3978403210639954	16763	0.3987381160259247	26544	0.3987718522548676	44042	0.3987942337989807	22505	0.3988422751426697	37568	0.3990215361118317	45701	0.400411456823349	23867	0.4008624255657196	
3645	0.2310750186443329	18193	0.2379569560289383	33433	0.2474459111690521	30283	0.2491073459386826	49834	0.2504012584686279	34861	0.2530595064163208	8257	0.2547764480113983	10775	0.2550790905952454	10415	0.2559592723846436	40791	0.2561678886413574	38073	0.2562004923820496	34775	0.2562376856803894	44559	0.2563549280166626	33834	0.2565541863441467	1801	0.2569393217563629	45772	0.2593310475349426	22986	0.2604258358478546	47784	0.2604997158050537	48683	0.260720282793045	24380	0.2611461877822876	
46090	0.308153510093689	39906	0.3092736601829529	36785	0.3123619258403778	49381	0.3143807351589203	8582	0.3152852952480316	24972	0.3210203647613525	14807	0.3221736252307892	31098	0.3265298306941986	38542	0.3267586231231689	38633	0.3287456035614014	12744	0.3297281265258789	32534	0.3298936486244202	25443	0.3319630026817322	23738	0.3324021100997925	5672	0.333078533411026	30169	0.3333670496940613	16742	0.3338309526443481	416	0.334128350019455	10718	0.3341540396213531	4436	0.3343844413757324	
1785	0.2557167708873749	7403	0.2679982781410217	31296	0.2705090641975403	46999	0.2712386250495911	1659	0.2782342433929443	28511	0.2788411974906921	40091	0.2793854773044586	17992	0.2797470688819885	47145	0.280100554227829	3984	0.2802112698554993	31340	0.2813400328159332	31063	0.2836296260356903	35476	0.2843598127365112	14796	0.2844095528125763	23365	0.2897947430610657	8804	0.2898384034633636	31533	0.2914633452892303	7228	0.2945294082164764	33515	0.2946827709674835	49672	0.2948250770568848	
22046	0.2557608187198639	30596	0.2593649625778198	49420	0.2682777941226959	6492	0.2693149745464325	23426	0.2702014148235321	23866	0.270915150642395	32407	0.2718623876571655	33906	0.2723963558673859	25403	0.2740722894668579	7889	0.2744303643703461	19333	0.2759209275245667	23832	0.2759397625923157	24869	0.2765292227268219	13632	0.2771774232387543	40349	0.277194619178772	15820	0.2777518630027771	33771	0.2787191271781921	45418	0.2806935608386993	35648	0.2830269634723663	49537	0.285185307264328	
45589	0.1312993615865707	43530	0.1385068297386169	31407	0.1399439871311188	32376	0.1408495455980301	37988	0.1807145327329636	14019	0.1889929473400116	8708	0.1899686455726624	29549	0.1966938972473145	12921	0.1984250545501709	15602	0.1991878300905228	29551	0.209318220615387	43191	0.2135648876428604	40348	0.2135828882455826	20526	0.2212625294923782	27734	0.2212668210268021	34363	0.2264009416103363	3869	0.2276515811681747	45788	0.2286511659622192	17288	0.2287386208772659	45581	0.2289409637451172	
15492	0.231337770819664	5971	0.2383861392736435	28007	0.2388640195131302	35393	0.2425867915153503	11184	0.252807080745697	20408	0.2550542056560516	15095	0.2564415335655212	3312	0.2564668357372284	10676	0.2577186822891235	2543	0.2589401304721832	28288	0.2592900693416595	42278	0.2602176666259766	20139	0.2602372169494629	19584	0.2605057656764984	21313	0.2605962455272675	15863	0.2606253921985626	24940	0.2608409523963928	27037	0.262656569480896	19941	0.2630241513252258	3728	0.2653597593307495	
29316	0.1913654059171677	42851	0.1997550427913666	2413	0.2014559209346771	25192	0.2017208933830261	34602	0.2092787772417068	8505	0.2097924798727036	14687	0.2122147083282471	29100	0.2123782634735107	29633	0.2129630744457245	8467	0.2129771858453751	35191	0.2175533622503281	23713	0.2194576114416122	17606	0.2209145724773407	35778	0.2218712866306305	21368	0.222960352897644	34053	0.2230710834264755	34428	0.2236932665109634	1735	0.2246134728193283	1817	0.227250948548317	47727	0.2273522466421127	
25989	0.2546538412570953	37451	0.2588123977184296	6999	0.258848249912262	45259	0.2591634392738342	30106	0.2616024315357208	1566	0.2621565461158752	28491	0.2632346749305725	11250	0.2638916373252869	21333	0.2648490369319916	17143	0.2648729979991913	37633	0.2656877636909485	34816	0.266821950674057	29356	0.2668608427047729	43247	0.2670759856700897	12265	0.2673938572406769	46770	0.2677199244499207	33515	0.2679238617420197	21630	0.2679345607757568	39129	0.2680010199546814	42576	0.2693217396736145	
26607	0.2169427424669266	41172	0.274174302816391	18464	0.2765967547893524	17028	0.2816315889358521	24869	0.2819194495677948	12530	0.2837280631065369	26965	0.2861567735671997	36177	0.2888554334640503	22486	0.2897333204746246	4237	0.2903061211109161	16472	0.2919284701347351	48614	0.2928861677646637	44439	0.2929087281227112	25030	0.294812023639679	3253	0.2951582670211792	15899	0.2965000569820404	36427	0.2966188490390778	44961	0.2974068820476532	46492	0.2990379333496094	35287	0.2990813553333282	
23443	0.3096484541893005	4500	0.3210883736610413	30312	0.3231360614299774	2710	0.3253897130489349	33274	0.3261846303939819	35536	0.3281159400939941	20510	0.3285904228687286	15216	0.3300105333328247	47463	0.3302282989025116	6438	0.3311470746994019	3874	0.3311809897422791	47764	0.331322193145752	39224	0.3322775959968567	36066	0.3329717516899109	11443	0.3333933651447296	8184	0.3354580998420715	36145	0.3355813026428223	39371	0.336928129196167	12963	0.3380111157894135	48098	0.338135838508606	
39814	0.2729198932647705	25310	0.279285192489624	45599	0.2816632986068726	38726	0.2863141596317291	17887	0.2881406247615814	49322	0.2898264229297638	22170	0.2909365892410278	17472	0.2924694716930389	36838	0.2930363118648529	7183	0.2937604486942291	36075	0.2938470542430878	25177	0.2946496903896332	12628	0.29625004529953	42186	0.2963878810405731	12020	0.2991648614406586	6855	0.29969722032547	8648	0.2997504770755768	14285	0.3005737066268921	9638	0.3011382818222046	26074	0.301638275384903	
16209	0.1842187792062759	38676	0.2197117507457733	21949	0.2206670194864273	44526	0.2241166830062866	7064	0.2242889702320099	18229	0.2246504724025726	13475	0.2254299819469452	45154	0.2281355410814285	13199	0.2305613160133362	3776	0.2309072613716125	12685	0.2314934879541397	42555	0.2325602024793625	21030	0.236431822180748	6062	0.2384874522686005	11160	0.2400059252977371	12338	0.2430033981800079	18596	0.2435952574014664	16945	0.2444799840450287	44615	0.2446739822626114	19229	0.2450336962938309	
46117	0.3421632945537567	46561	0.34336057305336	19524	0.3447404503822327	47981	0.3455691635608673	32603	0.3458387553691864	10407	0.3492690026760101	10034	0.3495281040668488	5396	0.3523068428039551	49575	0.3537997305393219	27953	0.3540760576725006	32355	0.3552145063877106	11469	0.3555822372436523	46106	0.3559333086013794	27806	0.3567180633544922	32367	0.3569055497646332	8051	0.356920450925827	48701	0.3584537208080292	42836	0.3585172593593597	28785	0.3590290546417236	4741	0.3596359491348267	
19652	0.2918256521224976	23643	0.2994750142097473	43050	0.3014749586582184	10867	0.3015098571777344	26371	0.3055383265018463	3261	0.3077317774295807	36207	0.3109190762042999	33875	0.3114782273769379	8658	0.3123899400234222	38552	0.3125011920928955	38553	0.3131159842014313	6630	0.3133944571018219	39109	0.3142912089824677	38542	0.3162412345409393	18271	0.3169335722923279	26678	0.317451000213623	4606	0.317685067653656	18642	0.3185611665248871	32710	0.3216429054737091	38946	0.3217619359493256	
27239	0.2552716732025146	9968	0.2609657943248749	30420	0.2610009908676147	41228	0.2631491422653198	32273	0.2643086612224579	9677	0.2671458125114441	48270	0.2688598334789276	981	0.2722668051719666	26465	0.2726701498031616	43274	0.2733924686908722	36006	0.2742172181606293	25101	0.274422824382782	17470	0.2815500795841217	48070	0.2819406986236572	31358	0.2823934853076935	16873	0.2827949225902557	8790	0.2833430767059326	30309	0.2839081883430481	27487	0.2839857935905457	8784	0.2844466269016266	
44697	0.2230065315961838	6560	0.2298973649740219	3051	0.230600968003273	33480	0.2320547997951508	1677	0.2339947819709778	45292	0.2350240349769592	38462	0.2360410690307617	31830	0.2399946302175522	47775	0.2404051274061203	396	0.2406729012727737	26072	0.2439293563365936	16879	0.2442964464426041	45719	0.2445068210363388	21263	0.2451854944229126	23106	0.2460379600524902	33793	0.2462393492460251	1452	0.2469882667064667	1838	0.2476166486740112	32832	0.2477149665355682	18526	0.2477851212024689	
5295	0.2601527869701385	1539	0.2647431492805481	7359	0.2721801400184631	37446	0.2722933292388916	4242	0.2758974730968475	232	0.2769031822681427	25366	0.2780754566192627	32099	0.2807585597038269	32551	0.2822955548763275	22777	0.2835821509361267	32944	0.2847523987293243	41584	0.2849492132663727	39853	0.2855037152767181	35254	0.2861554026603699	38223	0.2862457633018494	14671	0.2866458892822266	21832	0.2867923080921173	25902	0.2895746827125549	1061	0.2896169126033783	6314	0.2897631227970123	
16516	0.2557340860366821	15711	0.2603830099105835	42480	0.2608239650726318	37249	0.2608574628829956	35164	0.2658786177635193	1239	0.266569972038269	5193	0.2702066004276276	49534	0.2743982672691345	10280	0.2744224071502686	27425	0.2754170000553131	8690	0.2765621840953827	37706	0.2780049741268158	36920	0.2800286114215851	46903	0.2850149869918823	37847	0.2876476645469666	47552	0.2879545092582703	46081	0.2905245125293732	20643	0.2912513315677643	24847	0.2913228571414948	23735	0.2916382551193237	
29409	0.3199557065963745	4055	0.3206760287284851	44754	0.3235126435756683	28994	0.3246224820613861	40081	0.3261082172393799	39040	0.3264923095703125	35718	0.3293642997741699	185	0.329826682806015	26175	0.3324836492538452	16430	0.3330040574073792	22826	0.3341871500015259	9855	0.3342169523239136	23478	0.3346106112003326	2281	0.3356075882911682	14164	0.3360575735569	37974	0.3366180956363678	22119	0.3367630541324615	7774	0.3368229866027832	14908	0.3371428847312927	16880	0.3380290865898132	
46728	0.2067491710186005	35973	0.2099294364452362	38462	0.2135317623615265	13878	0.2163453549146652	42492	0.2173271328210831	33863	0.220535933971405	24567	0.2234897464513779	46550	0.2244837582111359	47369	0.224746510386467	19553	0.2258023470640182	36291	0.2287086099386215	2515	0.233737587928772	30627	0.233916386961937	32025	0.2343090772628784	18942	0.2351373583078384	49031	0.2362529784440994	27126	0.2365017682313919	19992	0.2388171851634979	41841	0.2403635531663895	27424	0.2408882677555084	
26825	0.1904431879520416	46509	0.2157497704029083	39556	0.2169021666049957	13223	0.2252510339021683	31771	0.2318091839551926	9349	0.2355501055717468	23955	0.2393594533205032	43223	0.2398296445608139	359	0.2483543753623962	27912	0.2484510987997055	7712	0.2497290968894958	48279	0.250177413225174	48769	0.2508946657180786	2619	0.2512161731719971	21725	0.2519059777259827	44979	0.2522699534893036	1925	0.2526236474514008	34050	0.2538610696792603	22812	0.2546166479587555	7619	0.2556598782539368	
33451	0.267175167798996	2678	0.2752816081047058	29008	0.2753590941429138	17758	0.2755639255046844	42	0.280954509973526	44339	0.2827713787555695	12858	0.2856932580471039	27400	0.287576287984848	48353	0.289491206407547	35380	0.2910256087779999	47068	0.2914689779281616	9518	0.2916111648082733	27587	0.2916482388973236	27756	0.2919016778469086	26295	0.2921262681484222	9022	0.2933297157287598	751	0.2933443188667297	24940	0.2935514748096466	23676	0.2943426966667175	26004	0.2947965264320374	
3113	0.2793956995010376	44984	0.2992944717407227	6943	0.3110524415969849	49312	0.3115423023700714	2320	0.3130747377872467	26824	0.3137071430683136	30360	0.3140870928764343	10085	0.3160893321037292	28496	0.3165465593338013	1096	0.3181833922863007	47884	0.3202958703041077	42150	0.3215105831623077	32806	0.3222792148590088	40321	0.3242388665676117	43767	0.324844628572464	14938	0.3251518905162811	8792	0.3267894983291626	29181	0.3276423215866089	39846	0.3281238675117493	36960	0.3290395140647888	
11901	0.2706451714038849	45454	0.273815393447876	32674	0.2773538529872894	1935	0.2814650237560272	27273	0.2826449275016785	12081	0.2833863794803619	12512	0.2842592298984528	32114	0.2904944717884064	855	0.2948850989341736	44557	0.2950973212718964	24864	0.2951259613037109	9905	0.2957813739776611	23926	0.296393096446991	41527	0.2967925071716309	43197	0.2972844839096069	47844	0.2987363338470459	9064	0.2993305921554565	42925	0.2994667291641235	3710	0.3001427948474884	30597	0.3001932799816132	
16518	0.2254072725772858	25409	0.2298126518726349	3379	0.2316146343946457	40109	0.2361644357442856	39343	0.2383319288492203	15491	0.2421982437372208	14555	0.2437469214200974	2527	0.2452402263879776	40958	0.2457047700881958	25044	0.2473156154155731	8805	0.2479150295257568	6466	0.248384565114975	18002	0.248975083231926	31732	0.2506392002105713	6784	0.2507590651512146	7762	0.2511593103408813	37383	0.2514825761318207	49531	0.2519732117652893	28495	0.2523173093795776	34205	0.2526585757732391	
6175	0.2629558742046356	29886	0.2661651074886322	24723	0.2671465575695038	45605	0.267718493938446	4380	0.2747899293899536	36313	0.2756361663341522	36333	0.2760182321071625	25683	0.2779701054096222	28311	0.2801072597503662	37686	0.2804597318172455	5020	0.2849920988082886	33160	0.2853338718414307	5796	0.2857491075992584	34433	0.2859282195568085	10466	0.2875861525535583	19816	0.287619948387146	48835	0.2886078357696533	44218	0.2887217998504639	7430	0.288879930973053	16754	0.2889403104782104	
32464	0.1155160591006279	3933	0.1195323839783669	11514	0.1245756819844246	3589	0.1400679349899292	2614	0.1425003558397293	43345	0.1456042230129242	49741	0.145999938249588	45329	0.146336629986763	34866	0.1477473080158234	29778	0.1505659371614456	42006	0.1519411355257034	36398	0.1519937217235565	12723	0.1522215753793716	3421	0.1542742550373077	44844	0.1570295244455338	5027	0.1599652618169785	10567	0.1613525450229645	8292	0.1625520288944244	37397	0.1637697815895081	37049	0.1647022366523743	
555	0.2648538649082184	25184	0.2655120491981506	48650	0.272040843963623	4983	0.2736265659332275	15374	0.2754448056221008	15529	0.2778009474277496	2154	0.2838551700115204	5904	0.2879587411880493	13945	0.2914828062057495	11448	0.2917754650115967	36037	0.2922728955745697	20006	0.2923221290111542	32931	0.2935969233512878	27170	0.294981837272644	11803	0.2979525923728943	48320	0.2999275624752045	49299	0.3005439341068268	20231	0.3008957505226135	11160	0.301331639289856	46264	0.3023934364318848	
33291	0.2381920367479324	15691	0.2716739475727081	10775	0.2737292349338531	17427	0.273974597454071	35904	0.284467875957489	26904	0.28648442029953	33334	0.2910104393959045	33805	0.2914580106735229	38044	0.2926595509052277	1369	0.2931290864944458	6398	0.2953453958034515	39760	0.2968797981739044	1909	0.2980407774448395	22287	0.2983612716197968	6696	0.298404186964035	43019	0.2988172471523285	12825	0.2993089258670807	32074	0.2996203899383545	37129	0.2996667921543121	6343	0.3006978631019592	
36477	0.2151966094970703	15711	0.2262737154960632	16356	0.2265483289957047	16368	0.2306848764419556	31943	0.231342226266861	4887	0.2333012372255325	30744	0.2359848469495773	35003	0.2370808720588684	12640	0.2386079728603363	45641	0.2387060672044754	19556	0.2388238608837128	7372	0.2389260977506638	33526	0.2402662932872772	27274	0.2404599785804749	24536	0.2411281317472458	6155	0.2424957603216171	7315	0.242993101477623	24792	0.2432754039764404	24221	0.2450951635837555	6685	0.2460716813802719	
47179	0.2844201624393463	33906	0.2847452461719513	15899	0.2907327115535736	48207	0.2940528094768524	19243	0.2951478362083435	10608	0.298132449388504	38186	0.2984384298324585	28893	0.2997449636459351	20595	0.3008664548397064	42157	0.3024658560752869	22046	0.3025152683258057	580	0.3029511570930481	34903	0.3039453327655792	37249	0.3044795393943787	26456	0.3052370250225067	34004	0.3066494762897491	47250	0.3076951205730438	22750	0.3090943396091461	35198	0.3091298341751099	47622	0.3103488087654114	
8420	0.1986180543899536	38111	0.201141282916069	7331	0.2083947211503983	22151	0.2091441601514816	8307	0.211299866437912	39542	0.2114871144294739	41795	0.2133858650922775	7474	0.2137450873851776	8368	0.2149525433778763	45101	0.2153020203113556	559	0.2159432470798492	8203	0.2187996804714203	37732	0.2204181551933289	597	0.2204395979642868	1483	0.2212172299623489	49252	0.2212932854890823	28192	0.2232760190963745	33058	0.2234688997268677	27580	0.2238729894161224	12784	0.2240767627954483	
28654	0.3136852085590363	8802	0.3204152584075928	42980	0.3239399790763855	3606	0.3268622159957886	18800	0.326878547668457	43666	0.3308922648429871	49142	0.3339478969573975	19361	0.3343910872936249	31723	0.3364516496658325	30703	0.3371822834014893	19331	0.3385689556598663	26239	0.3386792838573456	15238	0.3387491405010223	46507	0.3394105434417725	14161	0.3410022854804993	15010	0.3415615856647491	10232	0.3417396247386932	4127	0.3419032096862793	41832	0.3421564698219299	49050	0.3421829640865326	
17578	0.1893028914928436	17661	0.1982147991657257	5463	0.2002467215061188	48741	0.203845739364624	40406	0.204267755150795	32814	0.2075721174478531	31411	0.2142069935798645	19739	0.2150090783834457	7675	0.2189069241285324	44526	0.2224003970623016	30917	0.2236784845590591	19237	0.2240498065948486	38365	0.2246184945106506	34374	0.2251105010509491	3280	0.2253550291061401	27084	0.2264436483383179	4333	0.2265963405370712	19166	0.22726871073246	7229	0.2279977202415466	5449	0.2283399552106857	
12072	0.3000559508800507	18314	0.3007811009883881	34803	0.3165253698825836	35431	0.3170546293258667	48049	0.3171601295471191	38057	0.3177691400051117	47140	0.3201262652873993	4856	0.3206903636455536	38697	0.3208975791931152	19768	0.3214676380157471	46876	0.3222975730895996	9891	0.3236896097660065	11153	0.3245702981948853	40685	0.3246789574623108	40831	0.3251849710941315	5417	0.3252509534358978	23497	0.3257283270359039	41266	0.326225072145462	3318	0.3265202045440674	35374	0.3279283940792084	
39042	0.339974045753479	8334	0.3519331514835358	36335	0.3543422520160675	594	0.3587301075458527	24110	0.3594070076942444	19867	0.3611921966075897	47026	0.3627148270606995	45953	0.3644759654998779	45649	0.3660856783390045	11004	0.3663399517536163	47678	0.3664190173149109	35149	0.3680818974971771	8391	0.3681143820285797	23203	0.3681224286556244	4856	0.3682827055454254	36562	0.3685758709907532	1711	0.3703587651252747	8494	0.3704338073730469	8642	0.3719506561756134	15626	0.372022956609726	
35453	0.3314776718616486	46802	0.3345895409584045	15681	0.3425907492637634	20291	0.3453561961650848	47392	0.346054881811142	28848	0.3474064767360687	19043	0.3482649028301239	45159	0.3484531044960022	19612	0.3493935167789459	29043	0.3495813608169556	35875	0.3504888713359833	29668	0.3506329953670502	28140	0.3509524166584015	37390	0.3509825468063354	1680	0.3522931337356567	10922	0.3532836437225342	6027	0.3535676002502441	32632	0.3540219068527222	32051	0.3544246256351471	30396	0.3553356826305389	
45092	0.3251728117465973	24014	0.3258317708969116	24127	0.328889012336731	21598	0.3354403674602509	26618	0.3365598917007446	37367	0.3385267853736877	2663	0.3406054377555847	37433	0.3409248888492584	47585	0.3437550663948059	18182	0.348193347454071	48479	0.3487410247325897	20978	0.3498021066188812	36807	0.3524137437343597	15999	0.3524823486804962	8256	0.3547532558441162	9757	0.3567378222942352	5430	0.3572466969490051	20653	0.3590937256813049	9676	0.3599021136760712	31156	0.3606458902359009	
1094	0.3365151882171631	43256	0.3381519913673401	36793	0.3513214588165283	19046	0.3586495220661163	32459	0.3591926395893097	43173	0.361890584230423	9870	0.3641188144683838	25377	0.3653269708156586	9239	0.3656919598579407	5599	0.3658345937728882	12727	0.3671765923500061	44808	0.3677740097045898	16751	0.3685364425182343	24097	0.3687330484390259	23867	0.3688519597053528	36893	0.3693332076072693	3851	0.370095819234848	40318	0.3702035248279572	26717	0.3706395030021667	23911	0.3706743717193604	
13918	0.240811750292778	1239	0.2763915657997131	13530	0.2859253585338593	2463	0.2878747880458832	44824	0.2955780625343323	46177	0.2963063418865204	33218	0.2989218235015869	12945	0.3011097609996796	1614	0.3031033575534821	8827	0.306365579366684	44124	0.3085494637489319	12484	0.3102036118507385	18829	0.3106258809566498	32555	0.3121135532855988	17329	0.3121283054351807	8574	0.313176691532135	47609	0.3135238289833069	33658	0.3151649236679077	6678	0.3155903518199921	40371	0.3169993162155151	
23382	0.2422405779361725	22474	0.2563625276088715	27961	0.258886992931366	21254	0.2596267461776733	29098	0.2628767490386963	35406	0.2640501856803894	46869	0.2648968100547791	16169	0.2649826407432556	33906	0.2661657631397247	12017	0.2681173980236053	31802	0.2683715224266052	36183	0.2690081596374512	38534	0.2696612775325775	49710	0.2706298530101776	16557	0.2710542678833008	1774	0.2712091505527496	17823	0.2712092697620392	40306	0.2712445259094238	48539	0.2712808847427368	13761	0.2713538110256195	
43861	0.2684807777404785	22285	0.2688500881195068	47844	0.2699637115001678	41778	0.2718128263950348	36235	0.27210932970047	10775	0.2729307115077972	7867	0.2734537720680237	5330	0.2734836637973785	32074	0.2754427790641785	9975	0.2803153991699219	43928	0.2805591821670532	33825	0.2823039889335632	6611	0.283776581287384	23926	0.2849054932594299	29388	0.2860440611839294	44049	0.2869696617126465	29392	0.2871136069297791	26618	0.2871724665164948	12954	0.2879667282104492	43296	0.2886480689048767	
24800	0.2709214985370636	12027	0.276877373456955	7334	0.2783808708190918	43958	0.2796232998371124	11783	0.2832244634628296	14471	0.2838470935821533	8798	0.2848311960697174	5138	0.2853129208087921	16385	0.2865148484706879	26482	0.2871078848838806	36923	0.2874397933483124	30003	0.2892652451992035	41252	0.2924030423164368	7287	0.2932970821857452	10789	0.2937418222427368	2187	0.2953070104122162	33744	0.2962095737457275	31723	0.2976618409156799	22841	0.2983627915382385	32882	0.2990472316741943	
37148	0.2966262698173523	37577	0.3024603426456451	41207	0.3043685257434845	10112	0.3154653906822205	5949	0.3188856840133667	18747	0.3211895525455475	8118	0.3225442469120026	40591	0.32313072681427	46649	0.3233002722263336	47172	0.3235765397548676	14330	0.3261977732181549	6616	0.3269269168376923	13789	0.3274845778942108	16456	0.3285185396671295	6969	0.3290917277336121	22298	0.3291518688201904	27003	0.3302079141139984	1774	0.3305028975009918	22172	0.3310156166553497	2548	0.3310987055301666	
29283	0.293815404176712	16998	0.2992235720157623	5300	0.2998376488685608	16737	0.3000423908233643	42954	0.3072633743286133	34857	0.3087266087532043	27773	0.3099238276481628	1072	0.3121628165245056	24797	0.3126433193683624	19550	0.3127669990062714	33679	0.3130879998207092	43970	0.3145478367805481	44180	0.3154668509960175	10843	0.3180007636547089	28981	0.3189897537231445	29428	0.3202933073043823	46863	0.3206187188625336	39382	0.3217675685882568	6531	0.3226284384727478	9347	0.3239698112010956	
27284	0.3670648634433746	30629	0.3673385977745056	41413	0.3697530925273895	46508	0.3704093992710114	44568	0.3725338280200958	27894	0.3732812106609344	30901	0.3753300309181213	41307	0.3755572736263275	23985	0.3770769536495209	1403	0.3777956366539001	21803	0.3798037171363831	23397	0.3803141117095947	7528	0.381332129240036	47312	0.3822925686836243	19884	0.3830561637878418	26580	0.3842498064041138	33743	0.3843493759632111	15025	0.3844308257102966	12896	0.3847654163837433	34658	0.385859340429306	
31298	0.2602278590202332	37970	0.262353926897049	22899	0.2695812880992889	24269	0.2747461795806885	28495	0.2777115702629089	26240	0.2786267101764679	48099	0.2808263301849365	2645	0.2815426290035248	4539	0.2819181382656097	9833	0.2819754779338837	33459	0.2820013165473938	29654	0.282381534576416	14381	0.2841413617134094	39423	0.2852216958999634	9643	0.2857881486415863	33773	0.2864813804626465	48865	0.2889865934848785	40372	0.2897348403930664	34883	0.2900942862033844	26577	0.2902055978775024	
9742	0.3295823931694031	36328	0.3327421545982361	23292	0.333814799785614	15454	0.334740936756134	45724	0.337010532617569	17812	0.3378106653690338	22490	0.3381465077400208	47334	0.3402494192123413	9569	0.3414677381515503	32729	0.3465538322925568	55	0.3469257652759552	45372	0.3474830687046051	43185	0.3476724624633789	1796	0.3482469320297241	35718	0.348905473947525	43015	0.3491784632205963	31141	0.3504132330417633	42578	0.3511395454406738	9256	0.3515128493309021	28782	0.3544493019580841	
44968	0.3392299711704254	40022	0.3438754081726074	15891	0.3479534983634949	17945	0.3492980599403381	25292	0.349977433681488	46002	0.3577300906181335	21392	0.3601890802383423	20727	0.367734283208847	18635	0.3682631850242615	31402	0.3683506548404694	4608	0.3687155842781067	42795	0.3689074218273163	12422	0.3721118271350861	7462	0.3721570670604706	40211	0.3727217614650726	4859	0.3730954825878143	2714	0.3731943666934967	42420	0.3744774758815765	31097	0.3749145567417145	1072	0.3750037848949432	
8151	0.1482202410697937	35109	0.3505454063415527	42204	0.3545836508274078	18071	0.3566670119762421	1464	0.359149843454361	5926	0.3620641827583313	20927	0.3679684102535248	11997	0.3721114993095398	4402	0.3730622828006744	45976	0.3743942081928253	16071	0.3751347362995148	5355	0.3754653930664062	34357	0.3776142597198486	30966	0.3785822689533234	12649	0.3786127865314484	28680	0.378614068031311	31722	0.3788040578365326	46324	0.3788881003856659	8833	0.3793667554855347	16418	0.3813624978065491	
42447	0.3420610725879669	31853	0.3434830009937286	27569	0.3450278639793396	34786	0.3462024033069611	8884	0.3462086021900177	26413	0.3524706661701202	32678	0.3529739081859589	12403	0.3544360399246216	15571	0.3555542230606079	34496	0.3555848002433777	1906	0.3578032553195953	28501	0.3585174083709717	44117	0.3587451577186584	2783	0.3594261407852173	7950	0.3635564744472504	17413	0.3638767004013062	21902	0.3644899427890778	24715	0.3645229339599609	46474	0.3657896816730499	46543	0.3661334812641144	
41359	0.2697495520114899	9713	0.2833560705184937	42536	0.2834855616092682	6601	0.2854242622852325	39815	0.2855500280857086	48664	0.2874658107757568	34310	0.2893377244472504	37711	0.2916219830513	23283	0.2917852103710175	49138	0.2927417159080505	6531	0.2928535640239716	2282	0.2941156327724457	25379	0.2941621541976929	504	0.2947846651077271	18511	0.2954103946685791	19109	0.2955082356929779	1380	0.2960762977600098	10230	0.296308308839798	37829	0.2965295016765594	21442	0.2970481514930725	
464	0.1929119527339935	39722	0.2558285295963287	45124	0.2571047842502594	44130	0.2656240165233612	29709	0.2671662569046021	22535	0.2672070860862732	5929	0.267738550901413	40296	0.2726467251777649	19436	0.2790039777755737	30963	0.2797191441059113	2162	0.285544753074646	29433	0.2868247032165527	25026	0.2871464490890503	19487	0.2881157398223877	20140	0.2927892208099365	38911	0.2934359312057495	9901	0.2935758531093597	9105	0.2942921221256256	34134	0.2956220507621765	4452	0.2957234382629395	
40413	0.2075423896312714	19179	0.2131135761737823	40951	0.2134238034486771	17398	0.2151549607515335	37412	0.2176863700151443	37257	0.217746689915657	17521	0.2186747938394547	16308	0.2199528515338898	38867	0.2215721160173416	13334	0.2215990722179413	9372	0.2219365984201431	15329	0.2221346944570541	22218	0.2223223447799683	44334	0.2226860821247101	45111	0.2243828475475311	17288	0.2245354652404785	42882	0.224652037024498	29056	0.2250104695558548	8899	0.2280498594045639	38982	0.2284057438373566	
9719	0.2076513022184372	43530	0.2467637658119202	5271	0.2470480054616928	48149	0.2501315474510193	34605	0.2521064579486847	43260	0.2537803947925568	19793	0.2546972334384918	49717	0.2562829554080963	5558	0.2567334473133087	43055	0.2573549747467041	37098	0.2578372657299042	19992	0.2578918039798737	12921	0.2580080926418304	20260	0.2580894827842712	4123	0.2589319050312042	29803	0.2589626908302307	28074	0.2595974206924438	8585	0.2600091397762299	31235	0.2607342898845673	10678	0.2609573602676392	
37528	0.322761058807373	35917	0.3265007138252258	14328	0.3310618102550507	2967	0.3358881175518036	23554	0.3519507348537445	3928	0.3524832129478455	9067	0.3525064587593079	5948	0.3532989621162415	14530	0.3556738793849945	41379	0.3558409810066223	3727	0.3574880063533783	6329	0.3599234521389008	21552	0.3604286015033722	13487	0.3607340753078461	28757	0.361438661813736	6078	0.3621187210083008	19679	0.3621903657913208	44961	0.3628807961940765	11846	0.3633153140544891	32451	0.3638380467891693	
19381	0.3069823384284973	43335	0.3134378790855408	16168	0.3237737417221069	25781	0.3244945108890533	23592	0.3248531818389893	23276	0.3280945718288422	25822	0.3303323686122894	2905	0.3313764333724976	6436	0.3319330215454102	8946	0.3321945667266846	39094	0.332729309797287	20535	0.3344913125038147	33105	0.3347922563552856	3855	0.3348819017410278	20689	0.3351444602012634	21197	0.3366514146327972	10988	0.3368310928344727	39955	0.3378710746765137	16214	0.3378775417804718	7351	0.3379626572132111	
31351	0.2294309884309769	32223	0.2604079842567444	8056	0.2666763365268707	33540	0.2707631587982178	13006	0.2721056938171387	19180	0.2758172154426575	11745	0.2761888206005096	46042	0.2779805362224579	45656	0.2779807448387146	6925	0.2785334587097168	48920	0.2849729359149933	39381	0.2852931022644043	28638	0.2860589325428009	29824	0.2871887385845184	27849	0.2880818843841553	44295	0.2929298877716064	45541	0.2954945266246796	48447	0.2958826422691345	28624	0.297160267829895	19269	0.2981045544147491	
39012	0.265910804271698	36814	0.281821221113205	16062	0.283568263053894	38823	0.2842628657817841	24132	0.2856850922107697	4300	0.286955714225769	33154	0.287960410118103	26467	0.2888981401920319	2694	0.2916179001331329	10507	0.2926006317138672	851	0.2927630245685577	39271	0.2952600121498108	29179	0.2969678044319153	7146	0.2983373999595642	31134	0.2992183268070221	7480	0.2997554242610931	28216	0.3005822598934174	49968	0.3006514310836792	16146	0.3006797730922699	38911	0.302146852016449	
18227	0.1336949020624161	5652	0.2565595805644989	18248	0.2583989202976227	35517	0.2610950767993927	26249	0.2611748278141022	3652	0.2624211013317108	37536	0.263617604970932	2899	0.2639465928077698	16034	0.2641675174236298	17560	0.2665928304195404	44485	0.2679351270198822	34966	0.2680817544460297	3625	0.2692080140113831	14087	0.2711401283740997	8236	0.2728222906589508	10578	0.2729462683200836	16892	0.2730394005775452	6445	0.2739181220531464	16757	0.2746962904930115	49065	0.2749512195587158	
16113	0.2384423166513443	29855	0.2456928491592407	23245	0.2650978565216064	49468	0.2724656462669373	41701	0.2813116312026978	18333	0.2822954058647156	13680	0.282714307308197	9212	0.2827894985675812	38651	0.2853508293628693	9953	0.2854675650596619	48969	0.2873962819576263	36915	0.2883366048336029	48073	0.2891594171524048	25625	0.2899965941905975	41194	0.290147066116333	5222	0.2918457090854645	15178	0.2922640144824982	44344	0.2936770617961884	42338	0.293942391872406	46427	0.2939572036266327	
32885	0.2725843489170074	38665	0.2802039682865143	41669	0.2832985818386078	30744	0.2850876450538635	32567	0.2869825065135956	2970	0.2891897857189178	20065	0.2912943959236145	29723	0.2921825051307678	38018	0.2922927439212799	29117	0.2938426434993744	32893	0.294157862663269	38560	0.2956306934356689	32940	0.296502023935318	49370	0.2966309487819672	45641	0.2984144389629364	30871	0.2996446490287781	19727	0.300324410200119	27539	0.3007310032844543	42755	0.3008533418178558	34605	0.301548182964325	
39771	0.2839751839637756	46324	0.2877410352230072	27186	0.2931624054908752	49748	0.293226957321167	39685	0.2947682440280914	44702	0.2988994717597961	16536	0.2992660403251648	47812	0.3000009655952454	47267	0.3050714433193207	5300	0.3054016828536987	38026	0.3063423335552216	16229	0.308970034122467	16810	0.3106587529182434	17693	0.3114559054374695	49654	0.3115685880184174	9864	0.3123782277107239	37165	0.3125813901424408	23830	0.3140069842338562	48524	0.3150315880775452	17309	0.3151852488517761	
38280	0.2967264652252197	27435	0.3009315729141235	37268	0.3111286163330078	48936	0.3129855096340179	46041	0.315455436706543	23027	0.3157059848308563	22822	0.3159545958042145	1875	0.3160530924797058	31491	0.318284660577774	15839	0.3202657997608185	41036	0.3243157863616943	38730	0.3282601535320282	25722	0.3289245665073395	2912	0.3303578495979309	19201	0.3327541649341583	48110	0.3328046500682831	460	0.3344564139842987	14372	0.3351024091243744	44235	0.3371972143650055	15380	0.3376608192920685	
49628	0.2781680524349213	25378	0.2802890241146088	34512	0.2813356518745422	2203	0.283454954624176	3645	0.2864018082618713	39850	0.2866723537445068	18843	0.2868051528930664	19468	0.2871829867362976	36738	0.2875928282737732	20610	0.2878322005271912	23735	0.2900272309780121	30818	0.2905055582523346	32319	0.2914460897445679	36983	0.2919884026050568	36967	0.2919896245002747	49342	0.2932121157646179	1580	0.2933744490146637	24544	0.293940395116806	33965	0.2941335737705231	27961	0.2943661510944366	
25284	0.2470390200614929	28939	0.2507874965667725	18327	0.2566750347614288	43833	0.2635481059551239	45139	0.2640382945537567	26865	0.2680192291736603	12554	0.2703244388103485	42628	0.2706798613071442	28466	0.2709973752498627	23253	0.2718173861503601	4115	0.271970123052597	22282	0.273754745721817	26526	0.2749994099140167	13094	0.2769732177257538	29964	0.2780630588531494	48670	0.2785884737968445	19217	0.2787708342075348	22588	0.2792845666408539	11619	0.2801754176616669	19976	0.2827821969985962	
27010	0.2857269942760468	22365	0.2866475880146027	7004	0.2896486520767212	39474	0.2969812154769897	30780	0.3023602962493896	470	0.3083724081516266	21965	0.3085558414459229	5543	0.3141492903232574	23799	0.3142465949058533	34238	0.3144684135913849	21135	0.3154123723506927	8801	0.3159826695919037	45183	0.3215901553630829	34716	0.3226472735404968	42069	0.3232426345348358	10323	0.3233751356601715	24596	0.3237080276012421	29103	0.3263753652572632	39782	0.3274389803409576	37061	0.3288075625896454	
2614	0.1528093963861465	24833	0.1539835184812546	2482	0.163294792175293	40077	0.1653197109699249	40283	0.1654058545827866	32464	0.1655836701393127	20000	0.1687002182006836	24209	0.1693600565195084	1991	0.1757128089666367	29778	0.176291286945343	18707	0.1773973703384399	49075	0.1788120865821838	8283	0.1835366487503052	5094	0.1837990432977676	10	0.1839158087968826	10567	0.1844567060470581	13422	0.1860768795013428	35703	0.1864413768053055	37442	0.1876775324344635	10493	0.1887109279632568	
48054	0.255779504776001	42024	0.2667324542999268	14760	0.267071396112442	12596	0.2696774899959564	43394	0.2702123522758484	41873	0.2730027139186859	11072	0.2754386067390442	38170	0.2758024632930756	17373	0.2786448001861572	7500	0.2797845304012299	44717	0.2812448441982269	43502	0.2827225625514984	18450	0.2833113372325897	10284	0.2841707766056061	14332	0.2848901152610779	10093	0.2855420410633087	8456	0.2869687080383301	34376	0.2871163189411163	26943	0.2873482406139374	30053	0.2877029478549957	
32703	0.2524357736110687	28417	0.2582532167434692	44213	0.2643470168113708	1422	0.2644283473491669	27961	0.266232967376709	18461	0.2674275040626526	4038	0.2682955861091614	36934	0.2733665108680725	6918	0.2741034924983978	34384	0.2749927341938019	35790	0.2756341993808746	26843	0.2781336605548859	42659	0.2784572541713715	2803	0.2786672711372375	46705	0.2787111699581146	39599	0.2796284556388855	25332	0.2811079323291779	41109	0.2816969156265259	28025	0.2824722826480865	23594	0.2834343314170837	
29350	0.273889571428299	49073	0.2761762738227844	5679	0.2912029623985291	41297	0.3030621111392975	673	0.3032108545303345	4194	0.306371808052063	6572	0.3083104491233826	4208	0.3094443082809448	25493	0.3118805885314941	49681	0.3127568066120148	22517	0.317544013261795	4029	0.3175807893276215	27281	0.3181016743183136	45383	0.3185764253139496	13935	0.3192008435726166	47934	0.3194031119346619	46781	0.3208646178245544	41741	0.3231624364852905	2097	0.3235812783241272	34253	0.3236640393733978	
45668	0.31069615483284	38793	0.3150122165679932	31322	0.3212840855121613	49061	0.3236309289932251	36124	0.3250091671943665	3978	0.3267921507358551	22734	0.3281651139259338	28553	0.3291105926036835	1865	0.3304958939552307	14842	0.3323248326778412	45956	0.3330241739749908	24313	0.3334360718727112	37642	0.3334588408470154	1498	0.3348853588104248	29570	0.3355102241039276	6564	0.3358751535415649	34130	0.3366563320159912	14327	0.3369560539722443	20309	0.3376761078834534	15376	0.3379375040531158	
27209	0.2416361123323441	8162	0.2418146580457687	23022	0.2589364647865295	40193	0.2600954174995422	21578	0.2623514533042908	21121	0.2633549571037292	18749	0.2640745937824249	36247	0.2653519213199615	22409	0.267302006483078	25090	0.2673844397068024	20038	0.268133282661438	1860	0.2709267735481262	49206	0.2720134258270264	46744	0.2725665867328644	26620	0.2729693949222565	7255	0.2742428779602051	38207	0.2743670046329498	46343	0.2746006548404694	20792	0.2751610279083252	31171	0.2761240899562836	
1636	0.2578264474868774	37268	0.2713776826858521	12045	0.2850216925144196	12348	0.2856062948703766	17756	0.2891814708709717	11870	0.2908908724784851	1565	0.2925978302955627	34321	0.2933968603610992	3822	0.2934290766716003	4752	0.2941582500934601	40491	0.2955510020256042	30188	0.2955684065818787	8971	0.2967124581336975	13130	0.2972880899906158	41531	0.2988685965538025	43433	0.2997297644615173	40414	0.3018532693386078	7923	0.3029445707798004	40092	0.3051575422286987	19731	0.3051640093326569	
47056	0.2749306857585907	4823	0.2842686176300049	20288	0.2953706681728363	17490	0.2963610291481018	49590	0.3086536526679993	31372	0.3099929690361023	18658	0.3103989064693451	39973	0.3128750324249268	7076	0.314476490020752	20316	0.3153510093688965	26988	0.3156930804252625	3246	0.3165930211544037	22261	0.3168123662471771	1343	0.3177708089351654	12674	0.3194700181484222	38301	0.3199119865894318	25949	0.3206761181354523	30614	0.3217082619667053	23703	0.3223955035209656	9592	0.3224270343780518	
37765	0.2755773067474365	10608	0.2800537943840027	18464	0.2854454815387726	21622	0.2892905473709106	33718	0.2900641858577728	42478	0.2907887995243073	45819	0.2913742661476135	39388	0.2924840450286865	25030	0.2938606441020966	1751	0.294588714838028	11583	0.2957629859447479	21790	0.2963361442089081	13810	0.2964797914028168	4866	0.2966815531253815	41771	0.297270268201828	21829	0.2978425920009613	8007	0.2987730503082275	47656	0.2988246977329254	21778	0.3000075817108154	33675	0.3029724359512329	
34106	0.1406702399253845	38691	0.2057348340749741	20078	0.2075731158256531	2382	0.219749704003334	19858	0.2207345217466354	16782	0.2249729335308075	10644	0.2250958383083344	38928	0.2258150428533554	11631	0.2267971783876419	49360	0.2285252958536148	21728	0.2289581596851349	45385	0.2295125275850296	35075	0.2324500232934952	6638	0.2328647375106812	37664	0.2330143749713898	26249	0.2330633252859116	26049	0.2334878295660019	25268	0.2340398281812668	3159	0.2358700186014175	7302	0.2359972298145294	
38282	0.3043636977672577	42330	0.3069743514060974	5741	0.3080140650272369	35996	0.3085212111473083	49113	0.3086565434932709	23045	0.3133365213871002	34384	0.3162197470664978	33270	0.3166787028312683	38189	0.3169418573379517	10112	0.3189377784729004	19236	0.3199910819530487	35892	0.320224940776825	28141	0.3211081922054291	8906	0.3212325572967529	36312	0.3213094174861908	35151	0.3213193416595459	12162	0.3216964304447174	26440	0.3217734396457672	2764	0.3219085335731506	46614	0.3221915066242218	
45163	0.2210542559623718	36562	0.2542222440242767	39119	0.2678600549697876	37618	0.3112263381481171	15901	0.3277526497840881	20851	0.3303471803665161	47867	0.3321101069450378	31055	0.3378375172615051	25434	0.3393136560916901	31201	0.3432159423828125	12157	0.3461359143257141	4856	0.3466056287288666	37914	0.3473407626152039	36986	0.3488116562366486	7420	0.3495336174964905	11666	0.3500142991542816	915	0.3522123396396637	17097	0.3530252873897552	27284	0.3532146811485291	24110	0.3551796078681946	
42267	0.2080633044242859	37725	0.2203456610441208	6745	0.2339005619287491	36966	0.2349637001752853	7218	0.2366754412651062	23549	0.2373054027557373	35458	0.2380153834819794	10813	0.2389040738344193	47607	0.2397110015153885	3429	0.2397707253694534	44314	0.2417937219142914	1587	0.2420137673616409	29262	0.2421741783618927	5134	0.2424327731132507	32133	0.2437473386526108	46356	0.2455299943685532	12451	0.2466543018817902	37799	0.2472300827503204	7747	0.2472642064094543	19690	0.2485171258449554	
10743	0.3013676404953003	12073	0.3306446373462677	43317	0.3320083916187286	9877	0.3349514305591583	49352	0.3411509990692139	23620	0.342481255531311	34476	0.3425264060497284	7101	0.3439212739467621	22908	0.3469866216182709	9072	0.3481886088848114	39724	0.3509452044963837	37705	0.3517300486564636	1455	0.3524791896343231	20543	0.3547728955745697	24668	0.3553305864334106	49575	0.3565678596496582	24009	0.3576752543449402	27727	0.3577522933483124	1975	0.3588740229606628	28779	0.3591044545173645	
32532	0.1694919317960739	48959	0.2002186179161072	22848	0.2086251974105835	29868	0.2185030579566956	27282	0.2191890627145767	47942	0.219631552696228	20755	0.2212499380111694	40059	0.2233321964740753	2849	0.2309253811836243	47899	0.2311909794807434	32520	0.2340174466371536	24271	0.2369059920310974	4339	0.2370769381523132	44803	0.2371810376644135	49647	0.2385407984256744	11456	0.2397326529026031	37397	0.2400186359882355	632	0.2406036406755447	12460	0.2420092672109604	18398	0.2424458265304565	
33805	0.2583799958229065	15691	0.2721013426780701	27433	0.2723227441310883	1909	0.2740150988101959	33831	0.27413609623909	32388	0.2781506180763245	40887	0.2788264155387878	3422	0.2791669070720673	24280	0.2814931869506836	14513	0.2819544672966003	43973	0.2829685807228088	17891	0.2856002748012543	45418	0.2887153327465057	40285	0.2890424132347107	20683	0.2904545962810516	10775	0.2908847033977509	24076	0.2929721176624298	49524	0.2958506941795349	4123	0.2959300875663757	34228	0.2981331050395966	
17895	0.3469374179840088	45889	0.3591150343418121	17418	0.3677961826324463	1584	0.3699853122234344	23836	0.3728193044662476	16989	0.37290158867836	30676	0.3743216097354889	37263	0.3744608163833618	8722	0.3750776946544647	37942	0.3784258961677551	40920	0.3790518343448639	10248	0.3803153336048126	12084	0.3814583420753479	18125	0.3818419277667999	13807	0.3831357061862946	13731	0.3844578564167023	38864	0.3848232626914978	8342	0.3851807713508606	31466	0.3853193521499634	16166	0.3856231868267059	
9526	0.2548511922359467	16078	0.2578087449073792	4582	0.257897675037384	17478	0.2617000937461853	4109	0.2619416117668152	36461	0.2663390040397644	24428	0.2683645486831665	23479	0.2700674533843994	41686	0.2721598744392395	9334	0.2723104655742645	48673	0.2751806378364563	30498	0.2768640518188477	7913	0.2779248654842377	25948	0.2785769999027252	12360	0.2789325416088104	14007	0.279287725687027	13318	0.2799697518348694	28290	0.2800637781620026	36264	0.2804098725318909	22433	0.2805902361869812	
7632	0.296996146440506	39659	0.3012590110301971	6291	0.3035422563552856	23023	0.3049355447292328	1895	0.3065397143363953	38751	0.3065842688083649	25914	0.3082342445850372	40186	0.3084283471107483	43047	0.3106387555599213	13543	0.3127166330814362	46119	0.3130206763744354	3291	0.3145633935928345	47948	0.3170439302921295	49515	0.3180214762687683	44517	0.3181208074092865	22136	0.318566769361496	27496	0.3188308477401733	15250	0.3190686106681824	26448	0.3191884458065033	17301	0.319230854511261	
4726	0.2834257781505585	23636	0.2867423593997955	27050	0.2900416553020477	14861	0.2913532257080078	14325	0.2917486727237701	33582	0.294000506401062	36188	0.2975972592830658	6677	0.2990016937255859	28703	0.2997913658618927	35645	0.3008095622062683	23963	0.3020126819610596	11034	0.3025926053524017	24978	0.3061529695987701	33186	0.3065129518508911	32733	0.3066024780273438	14557	0.3067230880260468	23613	0.307137131690979	30283	0.3105281591415405	28878	0.3113639354705811	23814	0.3115131855010986	
12803	0.4241683483123779	34185	0.4280053675174713	16379	0.4355853199958801	43178	0.4405064880847931	41324	0.4412837624549866	23559	0.4501323401927948	32792	0.4515600502490997	20145	0.4554670453071594	27468	0.4555529952049255	19308	0.4573692381381989	28121	0.4617892503738403	34808	0.4623532891273499	9484	0.4641088843345642	16278	0.4643564820289612	35435	0.4649796187877655	29318	0.4676330089569092	42174	0.4698750674724579	1816	0.4765496850013733	12680	0.476950466632843	37113	0.4774825572967529	
15253	0.2788127660751343	30403	0.2912788093090057	9487	0.2916260063648224	13449	0.3031767010688782	14953	0.3035421073436737	35478	0.3048908710479736	29912	0.305684357881546	39408	0.3068917691707611	36864	0.3080588281154633	3865	0.3147227466106415	38648	0.315284788608551	28547	0.3159802258014679	24156	0.3161874711513519	40239	0.3163565695285797	9096	0.3175414800643921	25363	0.3181724548339844	19651	0.3183633387088776	28472	0.3187240064144135	42278	0.3200562596321106	28774	0.3203853070735931	
46400	0.2496953755617142	41574	0.2504974603652954	9882	0.2518131732940674	2454	0.2522354125976562	20049	0.2570521235466003	47014	0.2582443952560425	36011	0.2616786956787109	48615	0.261949747800827	36399	0.2634181082248688	39762	0.2641872763633728	11264	0.2642514109611511	44049	0.2668596506118774	46770	0.2680105268955231	33543	0.2691181302070618	27817	0.2693589925765991	35395	0.2695095837116241	41666	0.2709002792835236	39517	0.2714645564556122	8676	0.2724332213401794	7639	0.2727051377296448	
19838	0.2859742641448975	48927	0.289460152387619	34774	0.2919885516166687	27131	0.2951399683952332	38163	0.2967164516448975	48175	0.2985353767871857	22613	0.298815906047821	2707	0.298837274312973	15222	0.2996131479740143	16952	0.2998778223991394	30766	0.3001590073108673	14666	0.3006208539009094	21063	0.3014348149299622	18072	0.3061334490776062	10731	0.3064874112606049	29681	0.3067172467708588	36722	0.307112067937851	36839	0.3080068230628967	16778	0.3087809979915619	47640	0.3094517290592194	
19431	0.320318341255188	39332	0.3304864168167114	1013	0.3319115042686462	46634	0.3327758610248566	891	0.3330899775028229	4225	0.3333830535411835	32981	0.3335924446582794	33957	0.3338531851768494	32423	0.3342511653900146	43635	0.3355973958969116	9460	0.3365534842014313	11907	0.336561381816864	17184	0.3365615904331207	27447	0.3369474411010742	43569	0.3396927118301392	33071	0.3410735726356506	4624	0.3411861956119537	7667	0.3428549766540527	1416	0.3431553542613983	3018	0.3434864282608032	
41008	0.2024844288825989	19752	0.2128203958272934	44723	0.2141877263784409	49421	0.2142213582992554	47900	0.215190589427948	30309	0.2161481082439423	25101	0.2164080142974854	22843	0.2177402675151825	24843	0.2195578515529633	9968	0.2204165309667587	47290	0.2209652662277222	31373	0.2224040180444717	5868	0.2224760800600052	27487	0.2227317690849304	29745	0.2240125089883804	40732	0.2244531810283661	26300	0.2255152314901352	1350	0.2266422957181931	17479	0.2268864363431931	8778	0.228086069226265	
49142	0.2530367970466614	3814	0.2561895847320557	2992	0.2610907852649689	45484	0.2624723613262177	30539	0.2655663788318634	25090	0.2687311172485352	5820	0.2694465517997742	7001	0.2722873091697693	43292	0.2725096940994263	2207	0.2752381861209869	20843	0.2761094868183136	4454	0.27682825922966	6925	0.2771812081336975	36498	0.277726411819458	39524	0.2795303165912628	37458	0.2801313102245331	32298	0.2810861766338348	14129	0.2818295657634735	47997	0.2822231352329254	14161	0.2822820544242859	
35406	0.3223400413990021	38115	0.3321903645992279	25549	0.3324230015277863	3298	0.3334887623786926	34733	0.3344503343105316	46324	0.3376034498214722	31433	0.3388770520687103	18856	0.3414490520954132	43525	0.3416542410850525	34599	0.3434527516365051	35080	0.3440113365650177	46221	0.345747172832489	24252	0.3472717702388763	9146	0.3480513691902161	25432	0.3491596877574921	4998	0.3501899242401123	44672	0.3512880802154541	49865	0.3514277338981628	20676	0.3526768982410431	45336	0.3532398045063019	
42000	0.2891343832015991	25303	0.2911506295204163	19321	0.2960864007472992	32591	0.2969036102294922	47285	0.2982403635978699	12056	0.3023698031902313	23927	0.3068159222602844	23338	0.3135553002357483	7007	0.3165301084518433	2957	0.3184830546379089	32148	0.3252315819263458	35384	0.333775132894516	18052	0.3339519798755646	6544	0.3340073525905609	13742	0.3387114405632019	10725	0.3393221497535706	12287	0.3415837585926056	22919	0.3426928222179413	12228	0.3444520235061646	5149	0.3463302552700043	
14979	0.2328749150037766	39728	0.2362741082906723	23012	0.2394465506076813	31713	0.2408952713012695	26769	0.24174664914608	23910	0.2478650212287903	23359	0.2484250962734222	19752	0.2498797029256821	6707	0.256989598274231	15177	0.2570087909698486	24159	0.2574195265769958	21512	0.2577782273292542	15234	0.2581273317337036	13635	0.2584267854690552	42295	0.2618505358695984	40146	0.2622892260551453	11652	0.2625888288021088	3422	0.2627529799938202	8783	0.2629374265670776	8255	0.2630886733531952	
9218	0.255268007516861	31322	0.2598032057285309	31721	0.2615024149417877	30574	0.2652952075004578	12616	0.2663840353488922	37300	0.2666136920452118	41638	0.2691045105457306	28311	0.2700699865818024	15499	0.2705735564231873	22962	0.2717238664627075	48942	0.2720060348510742	3262	0.2733581066131592	13163	0.2744700312614441	14933	0.2744912207126617	6531	0.2749159336090088	34986	0.2777137458324432	47201	0.2783941328525543	33160	0.2790965735912323	4380	0.2794532477855682	45063	0.280116856098175	
34794	0.2729344964027405	6918	0.2731393873691559	32384	0.2793633043766022	31366	0.2851909697055817	4380	0.2868501842021942	40894	0.2874016761779785	18088	0.2924759387969971	36706	0.2937973737716675	10697	0.2948002517223358	8187	0.2961944341659546	38793	0.2967046499252319	961	0.2987498939037323	7845	0.2999743223190308	48220	0.3002893924713135	22236	0.301191657781601	40993	0.3021513223648071	21264	0.3021800518035889	11375	0.3024839162826538	27874	0.3031906485557556	1774	0.3035394549369812	
31780	0.2743243277072906	18824	0.2863450944423676	7817	0.2902623116970062	12214	0.291976273059845	38805	0.2939234673976898	19416	0.294145941734314	15550	0.2988108396530151	16711	0.300272673368454	27050	0.3024408221244812	27037	0.302479088306427	30839	0.3049153983592987	48337	0.3051530122756958	28426	0.305650532245636	42551	0.3061870038509369	30079	0.3063508272171021	28910	0.3066012561321259	47172	0.3069898188114166	28071	0.3074891269207001	35647	0.3077126145362854	34933	0.3088531494140625	
23033	0.2989897727966309	26523	0.301422506570816	13751	0.3068181872367859	40885	0.3106010556221008	49834	0.311202347278595	22588	0.3121535778045654	32995	0.3134746253490448	25242	0.3142745196819305	28817	0.3158592581748962	1753	0.3171590864658356	15341	0.3176342248916626	14319	0.3187273144721985	17268	0.319831907749176	44553	0.320446640253067	23641	0.321882426738739	24453	0.3220448791980743	19679	0.3222066760063171	1206	0.3222225606441498	41736	0.3262467384338379	23034	0.3274612724781036	
37968	0.2659220695495605	29702	0.2760507762432098	25865	0.2790587246417999	16218	0.2795844674110413	47993	0.2868285477161407	30584	0.289618968963623	25949	0.2907910645008087	11175	0.2914218902587891	3946	0.2935369312763214	9671	0.2976638376712799	36556	0.2985912561416626	15905	0.3014827966690063	8482	0.3028916120529175	39028	0.3030860722064972	13790	0.303812563419342	10003	0.3055133819580078	17217	0.3062006831169128	8582	0.3063217401504517	34389	0.3086119592189789	27607	0.3092054426670074	
20350	0.1503743231296539	45106	0.2419758290052414	21997	0.2452498525381088	33266	0.2546081840991974	27440	0.258851021528244	7372	0.2630875706672668	36000	0.2636818885803223	6620	0.264338344335556	26060	0.2669544517993927	34191	0.2790691256523132	22474	0.2792074084281921	42613	0.279250293970108	12453	0.2794502675533295	35389	0.2796826958656311	47087	0.2798921763896942	2785	0.2807975113391876	42028	0.2811501324176788	34000	0.2812440395355225	31340	0.2816400229930878	28437	0.2818937003612518	
26154	0.2524014115333557	4848	0.254871279001236	36021	0.2549777626991272	39595	0.2559617459774017	40905	0.2644830942153931	42971	0.2646502554416656	156	0.2676761448383331	2651	0.270719051361084	31411	0.2715501487255096	276	0.2740253806114197	44526	0.2751303911209106	23143	0.2751767635345459	21595	0.2755280435085297	13529	0.2763270735740662	45344	0.2775467932224274	28093	0.2777241468429565	40130	0.2783604264259338	15420	0.2785366177558899	9349	0.2785383760929108	49513	0.2790860235691071	
9712	0.2782174050807953	6104	0.2848368883132935	14781	0.2872317135334015	28753	0.3030306100845337	17019	0.3042442798614502	15377	0.3045074939727783	45696	0.3045252561569214	48502	0.3097656071186066	38013	0.3099821805953979	32499	0.3103836476802826	11025	0.311918169260025	20470	0.31216761469841	6527	0.3141255080699921	41302	0.314680278301239	8780	0.3148740530014038	10219	0.3150407075881958	14153	0.315283328294754	37010	0.3170429468154907	21383	0.3175595700740814	6685	0.3183313608169556	
12309	0.2692173421382904	42856	0.2744216024875641	20353	0.2770029604434967	22310	0.2781707048416138	4956	0.2821950912475586	47724	0.2829607129096985	31802	0.2834093868732452	13017	0.2835984826087952	6601	0.2835988700389862	24174	0.2837647497653961	48887	0.2845401167869568	10214	0.2859677970409393	39530	0.2883002161979675	43450	0.2891444861888885	41109	0.2893100380897522	733	0.2893792688846588	20076	0.290363222360611	47172	0.2907584309577942	34274	0.2908768951892853	28170	0.2917101681232452	
43600	0.3113211691379547	24688	0.3188216686248779	34992	0.3209810256958008	40141	0.3254103660583496	35482	0.3265543878078461	6210	0.3266343772411346	373	0.3287763595581055	13564	0.3309590518474579	23700	0.3316507637500763	49017	0.3321452438831329	1499	0.3326282203197479	45617	0.3328821361064911	35638	0.3333252966403961	1769	0.3342157006263733	6424	0.3383023142814636	22639	0.338900089263916	45593	0.3389380574226379	24914	0.3397161960601807	34384	0.3398417830467224	22679	0.3398703336715698	
21568	0.3049135208129883	5964	0.3109485507011414	30775	0.3119759559631348	20352	0.3172862529754639	39610	0.3206206262111664	44562	0.3216646313667297	12084	0.3223666846752167	45192	0.3240496218204498	37401	0.3247078657150269	12808	0.3249711990356445	20815	0.3289561867713928	22008	0.3308382928371429	710	0.3321051597595215	36743	0.3325912356376648	18197	0.3326472640037537	39666	0.3342717289924622	2704	0.3346095681190491	21228	0.3350194096565247	22425	0.3352861106395721	39777	0.3361044824123383	
42318	0.2889213562011719	40474	0.3011187613010406	29224	0.3032487332820892	8455	0.3034723699092865	30290	0.3039011657238007	26938	0.3041480481624603	32094	0.3056100308895111	36380	0.3069790005683899	6372	0.308879017829895	20020	0.3107366859912872	972	0.3120166659355164	41282	0.3121343851089478	46975	0.3129477500915527	23926	0.3134613633155823	23560	0.313676506280899	39357	0.3137459456920624	43940	0.3147019445896149	37996	0.3149000704288483	20662	0.3150607645511627	36679	0.3153195381164551	
30681	0.2410424500703812	24448	0.2424855977296829	47661	0.2508198320865631	396	0.2528055012226105	21728	0.2532258927822113	42079	0.2547281086444855	1567	0.2560035884380341	15398	0.261335551738739	34605	0.2656794190406799	24975	0.2673123776912689	2276	0.267900139093399	34294	0.2696065008640289	36783	0.2700825333595276	11194	0.270701676607132	35075	0.2710837125778198	43146	0.2711333930492401	30338	0.2713362574577332	20195	0.2714254260063171	1000	0.2724924683570862	5558	0.2729970812797546	
1175	0.318353146314621	40745	0.3203381597995758	31567	0.3300791084766388	23679	0.3346031308174133	13	0.3369275331497192	39685	0.337890625	36562	0.3383176326751709	14439	0.3391748070716858	352	0.3408409655094147	46147	0.3409037292003632	1796	0.3411829471588135	9742	0.3432427048683167	11714	0.3441548347473145	16236	0.3448136448860168	32415	0.3449576497077942	21965	0.3449909090995789	578	0.3452265858650208	24596	0.34666907787323	7326	0.3468590676784515	4395	0.3478777408599854	
36861	0.260052889585495	47240	0.2708072364330292	18556	0.2726673185825348	25618	0.2741641998291016	3533	0.2922990620136261	21128	0.2937018871307373	10284	0.2947482168674469	1752	0.2966719269752502	15627	0.3005927205085754	6794	0.3033600449562073	42680	0.3036649227142334	13373	0.3098225295543671	19952	0.3101544082164764	22601	0.3102872669696808	18369	0.3105243444442749	33419	0.3107327222824097	8718	0.312235414981842	524	0.3131005764007568	30053	0.3135670721530914	4475	0.3142262697219849	
22945	0.1938566565513611	39337	0.2351206094026566	35221	0.2384442389011383	37206	0.2497514188289642	24767	0.2553345859050751	30963	0.2559563815593719	16773	0.2562373578548431	34374	0.258958637714386	22775	0.2590960264205933	41828	0.2592583894729614	26853	0.2595178186893463	19436	0.261228621006012	15753	0.2612389326095581	37444	0.2617331743240356	2348	0.2621098458766937	8747	0.2632677555084229	19978	0.2632916867733002	38921	0.2641604542732239	21633	0.2643064558506012	22375	0.2643639445304871	
15485	0.2943759858608246	33053	0.3036589026451111	24166	0.3072762787342072	50	0.3092712759971619	35347	0.3092989325523376	17756	0.3110270500183105	25402	0.3115130960941315	31386	0.3174603283405304	27770	0.3184436559677124	29590	0.320595771074295	6499	0.3206390142440796	5041	0.3235103487968445	552	0.323652595281601	27721	0.3243044316768646	40164	0.3257763683795929	1795	0.3265044689178467	10571	0.3291064202785492	10011	0.3314289450645447	24049	0.3317050635814667	5230	0.3317056000232697	
5290	0.2058584690093994	17716	0.2085157930850983	4548	0.2137376070022583	4123	0.2137682735919952	31943	0.2158568948507309	40732	0.2161681056022644	19992	0.2162517458200455	48528	0.2227028608322144	38680	0.2249817550182343	9968	0.2272534072399139	6224	0.2297210544347763	33913	0.2299610525369644	3098	0.2320923358201981	49075	0.2321133762598038	1838	0.2328626364469528	14534	0.2339900135993958	47176	0.2344321310520172	18546	0.2354584932327271	18707	0.236026719212532	20848	0.2364367246627808	
4561	0.3254629671573639	11702	0.3531213104724884	45382	0.3609694242477417	30946	0.3698159754276276	47642	0.3785917460918427	36361	0.3788985908031464	44805	0.3810381591320038	2891	0.3831928074359894	42566	0.3832400441169739	32078	0.3834187686443329	23842	0.3851616680622101	48096	0.3873362839221954	17317	0.3874240517616272	24770	0.3892665207386017	26296	0.3894549906253815	27449	0.3897075057029724	3613	0.3897443115711212	30786	0.3911202549934387	8789	0.3918158710002899	43553	0.3922750055789948	
12085	0.3229527771472931	16525	0.3267860114574432	10022	0.3330654799938202	28441	0.3375079929828644	1148	0.3378198146820068	2400	0.3505839705467224	38006	0.3543224930763245	40949	0.3551416397094727	44945	0.3569672107696533	23217	0.3594401776790619	28116	0.3630498051643372	22909	0.363420844078064	30794	0.3657544851303101	9003	0.3664632141590118	48063	0.3682591915130615	19375	0.3690406680107117	45433	0.3712053298950195	24513	0.3755288124084473	14078	0.379686564207077	23037	0.3803455531597137	
4299	0.3651414811611176	32448	0.3699175119400024	4594	0.3792153000831604	21104	0.3801202774047852	6456	0.382893443107605	22808	0.3851090967655182	31722	0.3894809484481812	39347	0.3895244300365448	45734	0.3901040554046631	46084	0.3905620574951172	10816	0.3909519016742706	185	0.391252338886261	2238	0.3918132781982422	45812	0.3918455243110657	7118	0.3925155699253082	22997	0.3927419781684875	38993	0.3933313488960266	47493	0.3941999971866608	12201	0.3947173655033112	40831	0.3951400220394135	
31298	0.2603910863399506	753	0.2691921591758728	15178	0.2694929242134094	25493	0.2759465277194977	26359	0.2764726579189301	25627	0.2771341800689697	1846	0.2774172127246857	24710	0.2775370478630066	784	0.2784128189086914	8035	0.2785566747188568	32012	0.2822378873825073	6065	0.2846261262893677	2001	0.2852801382541656	48073	0.2858618199825287	34674	0.288737952709198	15282	0.2913217842578888	4029	0.2913724780082703	28495	0.2918823957443237	29855	0.2919138967990875	26240	0.2920502424240112	
7866	0.2761964201927185	42103	0.2767467498779297	28466	0.2780447006225586	48253	0.2876051664352417	27621	0.2892525792121887	25333	0.2892788648605347	41084	0.2898922860622406	27598	0.2908585071563721	9261	0.2912074327468872	26854	0.2962600290775299	31088	0.297309398651123	5850	0.2982348501682281	6999	0.2996068298816681	12832	0.3016051650047302	17992	0.3031547367572784	855	0.3036491870880127	7236	0.3043954968452454	22379	0.3048628270626068	20978	0.3052577674388885	33433	0.3060815930366516	
26195	0.2905800938606262	8687	0.2980980575084686	28903	0.3007064759731293	43955	0.3011433184146881	23238	0.3030718266963959	14852	0.3083235621452332	24120	0.3084282875061035	16222	0.3094314634799957	15377	0.310716301202774	20020	0.3109455406665802	20957	0.3129451274871826	8760	0.3130996823310852	13998	0.3131096959114075	2716	0.3133094012737274	35222	0.3165923357009888	37554	0.3168019354343414	16368	0.3180025219917297	15939	0.3196514248847961	34508	0.3200558125972748	5435	0.3201240003108978	
42347	0.3023127317428589	43659	0.3200376331806183	415	0.3219424188137054	21059	0.3223250210285187	32072	0.3230693340301514	6112	0.3230764269828796	9789	0.3304871022701263	42994	0.3316613435745239	41416	0.3321554660797119	15052	0.333820104598999	29020	0.334229588508606	6291	0.3359023928642273	24999	0.3365900218486786	43919	0.3369386494159698	30937	0.3390609920024872	40775	0.3406902253627777	38042	0.3410615622997284	16041	0.3426046073436737	3956	0.3430331945419312	41936	0.3431409001350403	
28201	0.330905020236969	13532	0.334975004196167	10816	0.3396177291870117	40211	0.3459376990795135	22463	0.3460845351219177	40045	0.3472875952720642	26863	0.347562700510025	13835	0.3497241735458374	17157	0.3511794805526733	30069	0.3535664677619934	24979	0.3565946817398071	16562	0.3566786050796509	20824	0.35749351978302	22461	0.3575405180454254	2075	0.3580247163772583	42077	0.3585610091686249	4507	0.359635978937149	47587	0.3596577048301697	31557	0.3596857190132141	23088	0.3605933487415314	
36285	0.2156842947006226	31267	0.2256753891706467	28859	0.2353563755750656	26291	0.2356363534927368	8402	0.2365158647298813	26682	0.2372392863035202	10336	0.238746851682663	3379	0.2411176413297653	3332	0.2418827563524246	48032	0.2424054443836212	38729	0.24273681640625	4646	0.2427690029144287	15370	0.2431318759918213	34779	0.2432659119367599	5405	0.2461167275905609	32597	0.2466072589159012	38881	0.247673824429512	15018	0.247756764292717	32133	0.2487865835428238	36924	0.2488858699798584	
32876	0.2048472315073013	23853	0.2134591042995453	46524	0.2144892662763596	30094	0.2169772088527679	2929	0.2190568298101425	6309	0.2213920503854752	2633	0.2225223630666733	29526	0.2255333662033081	405	0.2278509140014648	42593	0.2288186103105545	19229	0.2298258095979691	27982	0.2310630232095718	25842	0.231197327375412	25277	0.2317271530628204	29238	0.2328844219446182	37589	0.2331850826740265	21603	0.2334757745265961	6062	0.233490452170372	25184	0.2342717051506042	28789	0.2342947274446487	
6121	0.2561264932155609	9552	0.2587099671363831	27472	0.2714622318744659	44854	0.2715286910533905	22842	0.2762320637702942	26172	0.2823329865932465	5194	0.2831175029277802	38691	0.2842633426189423	34555	0.2848943471908569	23576	0.2895405292510986	36393	0.29012131690979	14067	0.2908293008804321	40985	0.29128697514534	1234	0.2916098535060883	29085	0.2928390502929688	26009	0.2931053340435028	31498	0.293534517288208	28904	0.2940998375415802	17059	0.2950350940227509	21728	0.2974011898040771	
27324	0.2674434781074524	19407	0.2724526524543762	7334	0.272830456495285	8798	0.2774237096309662	10789	0.278886467218399	20061	0.2805661261081696	36183	0.2816979289054871	24800	0.2841110527515411	1204	0.2876874506473541	10643	0.2890746593475342	47455	0.289427638053894	16771	0.2902466058731079	22563	0.290448784828186	9010	0.2905269861221313	26482	0.2905864119529724	28016	0.2922857403755188	22250	0.293977290391922	45764	0.2941624820232391	43059	0.2949149012565613	30863	0.2950823903083801	
15681	0.2882300317287445	28732	0.2895515859127045	34727	0.289669007062912	49090	0.3004017770290375	39369	0.3031509220600128	22996	0.3034308254718781	23446	0.3072161376476288	20201	0.3079362809658051	9482	0.3082369565963745	30770	0.3094083964824677	24739	0.3098625242710114	22588	0.3099238276481628	25830	0.3110319077968597	4307	0.3110425472259521	26010	0.3116630017757416	9050	0.3127562403678894	21188	0.3131887018680573	32769	0.3138822317123413	48866	0.3140475451946259	32051	0.3154489994049072	
7908	0.2552567720413208	35770	0.2587252855300903	7287	0.2635127902030945	4042	0.2651963531970978	21030	0.2655851244926453	32573	0.2660416662693024	1241	0.2722245752811432	44615	0.2728961408138275	35899	0.273409515619278	44714	0.2739135324954987	19796	0.2749370336532593	48215	0.2761746644973755	14352	0.2770678997039795	43351	0.2771121263504028	48516	0.2777854800224304	48460	0.2782261073589325	45119	0.2796691060066223	13808	0.2809014320373535	6657	0.2814006805419922	10450	0.2814188003540039	
40226	0.288835734128952	21903	0.2933198213577271	38696	0.3066006600856781	44794	0.3080914616584778	9126	0.3099249601364136	18674	0.3199297487735748	43552	0.3260119259357452	6385	0.3262659013271332	38615	0.3263333439826965	20592	0.3269321620464325	39055	0.32731032371521	19901	0.3274290263652802	5422	0.3275457918643951	19032	0.328243225812912	49660	0.3293680548667908	26240	0.3303470313549042	34674	0.3316608071327209	26138	0.3320905864238739	45640	0.3323149383068085	31298	0.3324977159500122	
49225	0.283837616443634	39597	0.2842647135257721	18761	0.2843823432922363	48363	0.2881330549716949	10982	0.2965362370014191	12301	0.2990396618843079	47790	0.3011205196380615	20382	0.3012302219867706	15167	0.3029050827026367	29376	0.3029457628726959	41993	0.3038910329341888	48865	0.3046751618385315	22894	0.3049156367778778	9369	0.3052642345428467	2714	0.3058373928070068	4419	0.3073443174362183	43520	0.310101330280304	34754	0.3101806938648224	29428	0.3104223310947418	33279	0.3120234906673431	
39098	0.2590538263320923	49307	0.2743684947490692	47572	0.2781784236431122	35284	0.2781883180141449	48617	0.2806863784790039	6969	0.2812542617321014	1774	0.2830442786216736	4929	0.2831642925739288	14160	0.2832472324371338	46472	0.2856029272079468	19420	0.2859292328357697	48220	0.2868335545063019	20127	0.2869283258914948	14319	0.2872041463851929	28528	0.2874844670295715	10071	0.2877424359321594	18159	0.2880957722663879	351	0.28814896941185	31461	0.2892661690711975	4590	0.2895277738571167	
28164	0.2740558385848999	7192	0.276681661605835	30491	0.2838718295097351	43450	0.2848255932331085	46449	0.2876535356044769	20076	0.2908699214458466	5187	0.2909410893917084	40092	0.292119026184082	7963	0.2934834957122803	32011	0.2944152653217316	1259	0.2954259812831879	21194	0.295742928981781	41458	0.2977638244628906	20353	0.2980327606201172	39709	0.2983542680740356	47458	0.298673003911972	32882	0.2990819215774536	44672	0.300428718328476	48016	0.3005931973457336	44931	0.3014563024044037	
22152	0.2777633666992188	10108	0.2946996688842773	190	0.2991938292980194	31152	0.3004055917263031	22128	0.3036229908466339	47068	0.304803729057312	3180	0.304828941822052	25885	0.3049325942993164	37343	0.3056215047836304	41963	0.3065681755542755	44671	0.3069091439247131	24060	0.307585746049881	47709	0.3080939948558807	13790	0.3089945614337921	20506	0.3099026381969452	3316	0.3100495338439941	42042	0.3122926950454712	26627	0.3131159842014313	34389	0.3131190836429596	30109	0.3132161200046539	
39199	0.2927789986133575	35282	0.3074508905410767	31532	0.3107006251811981	15043	0.3126378357410431	14954	0.3136616051197052	21614	0.3225840926170349	14585	0.3251798450946808	47782	0.3324902057647705	17344	0.3324968218803406	633	0.3341251611709595	22859	0.3374555706977844	31673	0.3378496468067169	11994	0.3380094468593597	25295	0.3381827473640442	6591	0.3391232490539551	17413	0.3398976624011993	36690	0.3413047790527344	32521	0.3413624167442322	36504	0.3417550921440125	26119	0.3418737947940826	
1061	0.2615911066532135	8718	0.2674587965011597	41700	0.2676783204078674	731	0.2710970044136047	37503	0.2781165242195129	32694	0.2784034609794617	42300	0.2789942026138306	45310	0.2795183956623077	14332	0.2797491848468781	33011	0.2820455729961395	15464	0.2822089791297913	42648	0.2833225131034851	6264	0.284529060125351	10497	0.2863403856754303	29822	0.2887282371520996	44969	0.2888383269309998	2014	0.2889890968799591	27530	0.2899634838104248	49020	0.2905857563018799	12596	0.2909493744373322	
48281	0.2033891826868057	41114	0.2646230757236481	10361	0.2660419642925262	26769	0.2690253853797913	9823	0.2692977786064148	6941	0.2754853367805481	3221	0.2770669758319855	6370	0.2793001234531403	4029	0.2806322276592255	30079	0.282562255859375	19416	0.2835673987865448	16898	0.2846686542034149	2235	0.2864139378070831	9659	0.2865011990070343	47526	0.2867269814014435	24159	0.28709876537323	9384	0.2883651554584503	28924	0.2886106371879578	7756	0.2896924316883087	19155	0.2897350192070007	
7423	0.2104703187942505	17783	0.2175905406475067	16356	0.2247090637683868	49852	0.2287804633378983	44251	0.23358453810215	41306	0.2348834872245789	48443	0.237122967839241	33613	0.2383982688188553	8565	0.2386406362056732	22470	0.2395832687616348	22014	0.2420098334550858	8633	0.2425733059644699	14121	0.2443861365318298	15751	0.2479542046785355	38622	0.2480014860630035	44724	0.2480041980743408	5683	0.2499818950891495	604	0.2501362562179565	15906	0.2502710521221161	18703	0.251668244600296	
16782	0.1925946772098541	39102	0.2022811770439148	1336	0.2031050026416779	42931	0.2040368169546127	47771	0.2071084529161453	44310	0.2073166519403458	31720	0.2080886960029602	1452	0.2081851661205292	23653	0.2085999101400375	49581	0.2086122184991837	17435	0.2087707817554474	21052	0.2093996703624725	28575	0.2114691436290741	36862	0.2134979367256165	6849	0.2141617983579636	19766	0.2144975364208221	632	0.2145834416151047	21263	0.2167135775089264	49647	0.2167775183916092	20710	0.2170452028512955	
12651	0.1804386824369431	31122	0.1932793706655502	8823	0.19942606985569	41368	0.2005907446146011	48528	0.2052981108427048	9191	0.2102311253547668	38732	0.2130182087421417	31720	0.2137111574411392	8996	0.2138751149177551	622	0.2142098248004913	29815	0.2144280225038528	27823	0.217257022857666	835	0.2196571081876755	8700	0.2206607013940811	6240	0.2226978987455368	46059	0.2230517715215683	35404	0.2234533876180649	47176	0.2240676283836365	36677	0.2242323011159897	3023	0.2253105193376541	
46513	0.2616101801395416	35180	0.2793476581573486	17445	0.2917154431343079	23955	0.2921725213527679	26965	0.2934944331645966	7712	0.2953588664531708	28911	0.2963255941867828	43597	0.2971619367599487	20963	0.2974270880222321	43849	0.2984758615493774	38191	0.2992521822452545	39556	0.299649178981781	38189	0.3008484244346619	21685	0.3013121485710144	15989	0.3015348613262177	47654	0.3019624948501587	11538	0.3023938834667206	6231	0.3025162518024445	18640	0.3046369254589081	33393	0.304750382900238	
28327	0.2273052334785461	15846	0.2448239475488663	3056	0.2561729252338409	47712	0.2589644491672516	13307	0.2647280991077423	12033	0.2662705183029175	16356	0.2674711942672729	43718	0.2677170038223267	39814	0.2689881026744843	23277	0.2693270146846771	7032	0.2693585157394409	47374	0.2728022933006287	26220	0.2728745937347412	23474	0.27585369348526	33975	0.2760640978813171	15955	0.2760745286941528	12488	0.2763843536376953	45112	0.2775361835956573	6697	0.2778135538101196	25620	0.2780751883983612	
34577	0.3891568779945374	42845	0.3925353586673737	10607	0.3930130898952484	43005	0.3968572914600372	43563	0.397184431552887	16277	0.3979393839836121	8221	0.3987798988819122	41204	0.3997452259063721	322	0.4001777172088623	38475	0.4007743895053864	13585	0.4018191397190094	32123	0.4021755456924438	40725	0.4023660719394684	1119	0.4027375876903534	16355	0.4041720628738403	49339	0.4043900370597839	22230	0.4047495424747467	22365	0.4062215685844421	20616	0.4063353836536407	28935	0.4063556492328644	
16848	0.3227286040782928	26816	0.3328075706958771	14972	0.337524026632309	7002	0.3390304744243622	7456	0.3395851850509644	32245	0.3437093198299408	49392	0.3459593653678894	42688	0.346366822719574	17225	0.351309597492218	20841	0.3513476848602295	8453	0.3519300520420074	27486	0.3519762754440308	38014	0.3524892628192902	42546	0.3540068864822388	4853	0.3545060753822327	45292	0.3550377786159515	18481	0.3552573919296265	47713	0.3552717566490173	25726	0.3560528159141541	24761	0.3568412363529205	
28865	0.1600496023893356	27586	0.2228584736585617	30121	0.2316906750202179	47859	0.2410916835069656	21930	0.2424850612878799	27639	0.2460735291242599	389	0.2487077116966248	12608	0.2499910593032837	7423	0.2501564621925354	2144	0.2516821920871735	7948	0.252828449010849	22470	0.2541889250278473	16356	0.2552502155303955	22014	0.2574665248394012	41623	0.257643073797226	15632	0.257708877325058	39690	0.2619920074939728	238	0.2644253075122833	299	0.2645914554595947	24221	0.2647571563720703	
10687	0.2733104825019836	47068	0.2756781578063965	44887	0.2776779532432556	22501	0.2830551862716675	37785	0.2841871380805969	5038	0.2846553325653076	40876	0.2862453758716583	35770	0.2864879667758942	37150	0.287605881690979	48450	0.2880780398845673	45700	0.2888224124908447	39610	0.2891060411930084	21357	0.2894928455352783	39454	0.2895151078701019	11837	0.2899506092071533	35405	0.290382444858551	7801	0.290407121181488	17850	0.2921465337276459	40212	0.2929404973983765	29181	0.2930122315883636	
27646	0.2857618927955627	36893	0.2985472083091736	9777	0.3015148043632507	3491	0.3017649352550507	34384	0.3032635748386383	26932	0.3047133088111877	15585	0.3061459064483643	9665	0.3072487115859985	20949	0.3076988160610199	45640	0.308373749256134	46324	0.3083865642547607	39839	0.3086487352848053	26917	0.3091216683387756	19580	0.3104645311832428	22063	0.3116101324558258	45956	0.3129971027374268	37974	0.3130911588668823	33963	0.3134458363056183	23292	0.3136930167675018	28782	0.315552681684494	
223	0.1531757414340973	36731	0.1954576969146729	31830	0.196979746222496	21728	0.1987364441156387	21415	0.2006909102201462	30338	0.2008813470602036	14212	0.2038129866123199	44864	0.2062341868877411	3115	0.2064927816390991	47872	0.2092360407114029	2628	0.2122251987457275	1130	0.2128518223762512	24829	0.2135059088468552	20913	0.2140501588582993	25268	0.2158243060112	26920	0.2158537358045578	43224	0.216133326292038	45950	0.2170184552669525	28204	0.2177854776382446	42339	0.2179527282714844	
5246	0.2916827201843262	3518	0.3148908019065857	33833	0.3150796890258789	19524	0.3235335648059845	9801	0.330774337053299	47871	0.3357729315757751	9925	0.3358608186244965	48089	0.3359785377979279	40099	0.3365800678730011	5797	0.3411129713058472	49861	0.3419773280620575	18404	0.3438764810562134	41213	0.3466858863830566	38019	0.3469651341438293	23291	0.3471252918243408	15450	0.347933292388916	37501	0.348772257566452	31525	0.3500322699546814	45423	0.3506726920604706	20891	0.3508336544036865	
4327	0.2604329586029053	23204	0.2633095383644104	43079	0.2674765288829803	2610	0.2814192473888397	19396	0.2819516658782959	14417	0.2852217853069305	33806	0.2882845103740692	2803	0.2885925769805908	15982	0.2890797555446625	33186	0.2906020879745483	4794	0.2929895520210266	18004	0.2945999503135681	29779	0.2968552112579346	23963	0.2980814278125763	3436	0.2982056438922882	10228	0.2997159659862518	41344	0.3002429008483887	41233	0.3005864024162292	25075	0.3019607365131378	30566	0.3024743795394897	
36355	0.3400871753692627	22063	0.3416147828102112	11133	0.3469450771808624	11153	0.351457804441452	5313	0.3582710325717926	18349	0.3588398098945618	26414	0.361955463886261	38670	0.3640188276767731	30609	0.3650549948215485	48227	0.3652667701244354	22028	0.3653402626514435	6934	0.3655582070350647	7739	0.365832507610321	5984	0.3689592480659485	19980	0.3707518577575684	30562	0.3737017512321472	47148	0.374772310256958	21125	0.3748636245727539	41288	0.3749770820140839	1450	0.3753195703029633	
27446	0.2790330648422241	37461	0.2840536236763	16155	0.2840743362903595	44965	0.2876664996147156	7594	0.2904645800590515	47656	0.2904900312423706	49629	0.2927493751049042	29703	0.2932777404785156	1961	0.2944042384624481	26907	0.2961531579494476	7028	0.2998239099979401	48206	0.3013641238212585	19666	0.3013671636581421	3344	0.3043098747730255	45079	0.3047902584075928	31783	0.3055524528026581	31902	0.3056263029575348	7975	0.305789440870285	33651	0.3060185015201569	2625	0.3061652183532715	
16110	0.235459566116333	36047	0.2512138485908508	48207	0.2592267096042633	9807	0.2626372277736664	1290	0.2636895775794983	15764	0.2685556709766388	13411	0.2689407765865326	17309	0.2691637277603149	38717	0.2694995701313019	33906	0.2704644203186035	25683	0.2706131339073181	3065	0.2714978754520416	42813	0.2724791765213013	27425	0.2728370130062103	5128	0.2735419273376465	4343	0.273660808801651	28692	0.2741575241088867	12926	0.2744626104831696	2147	0.2747904658317566	24032	0.2756270170211792	
3902	0.3041591048240662	29623	0.320033460855484	5213	0.3205090463161469	8455	0.3218063414096832	32074	0.3226838707923889	12443	0.3269471526145935	40528	0.3301680982112885	33841	0.33097043633461	2453	0.3349195718765259	35625	0.3353591859340668	16249	0.3354943096637726	24037	0.3361285924911499	26687	0.3385268151760101	42318	0.339540421962738	9530	0.3408093452453613	2588	0.3422995805740356	10012	0.3426507711410522	36235	0.342989057302475	21309	0.3443146944046021	8713	0.3454289734363556	
39161	0.2355661541223526	36966	0.253869891166687	30022	0.2567290067672729	8583	0.2578709721565247	26621	0.2608137130737305	26447	0.2618981301784515	5655	0.2667425572872162	14168	0.267733246088028	14848	0.268570601940155	39343	0.2713030576705933	4652	0.2724922299385071	47607	0.2728652954101562	30771	0.2753869593143463	26737	0.275610625743866	9540	0.2761748135089874	26150	0.2767857015132904	29262	0.277272641658783	46356	0.2774935960769653	5681	0.2783280611038208	38090	0.2783811986446381	
27979	0.3818052113056183	14956	0.3881123065948486	9217	0.4052940011024475	6457	0.4071722328662872	31363	0.4079252481460571	18697	0.4082904160022736	47269	0.4096055328845978	27785	0.4150837659835815	21745	0.4202207922935486	41243	0.4257649481296539	24741	0.4258755743503571	31937	0.4290607571601868	16696	0.4299149215221405	35958	0.4308070242404938	22723	0.431230753660202	29171	0.4313274025917053	29198	0.4322112202644348	36615	0.4330034852027893	35561	0.4356630742549896	9562	0.4357743263244629	
2254	0.2886077463626862	43015	0.3096669912338257	42402	0.3116077482700348	31723	0.3162558972835541	866	0.3189228773117065	20394	0.3192320168018341	17413	0.3209145963191986	48043	0.3222883343696594	39212	0.3235943913459778	9141	0.3238315284252167	31532	0.3251178860664368	38754	0.3254199326038361	3499	0.3261163532733917	43185	0.3262040019035339	36126	0.3271673321723938	35324	0.3272115886211395	13550	0.3275223076343536	8884	0.328956663608551	39199	0.3290950059890747	2319	0.3294803500175476	
33906	0.2541067004203796	13141	0.2598228454589844	11149	0.2607272267341614	15021	0.261805921792984	22550	0.2640229463577271	15965	0.2640777826309204	26016	0.2642649114131927	1380	0.2678154110908508	39079	0.2692849636077881	47819	0.2701298296451569	23426	0.2708385586738586	20958	0.2709301114082336	40643	0.2714071273803711	38496	0.2715551853179932	47681	0.2722734212875366	2235	0.2724341452121735	8276	0.2727128565311432	44254	0.2734257280826569	16456	0.2736657559871674	39705	0.2737797200679779	
6825	0.2485550194978714	45013	0.2539420425891876	23902	0.2548548579216003	19547	0.2567925751209259	11527	0.2576404213905334	29899	0.2585387229919434	23085	0.2615931034088135	42680	0.2624014914035797	31009	0.2642282545566559	8718	0.2668676972389221	30283	0.2740904986858368	17710	0.2749033570289612	47624	0.2761019170284271	37641	0.2767716646194458	25149	0.2773714065551758	10415	0.2795730531215668	27446	0.2796940803527832	48647	0.281583160161972	21174	0.2823789119720459	5177	0.2826231122016907	
42555	0.217891201376915	11999	0.2332295030355453	20863	0.2356717884540558	14214	0.2364677488803864	47662	0.2366433292627335	11091	0.2366577833890915	34408	0.2376004904508591	11593	0.2389762103557587	48062	0.2407439798116684	27423	0.2431428283452988	30214	0.2443282604217529	34021	0.2447719573974609	25074	0.2461156100034714	32288	0.2463435381650925	16597	0.249357670545578	34379	0.2496895790100098	1624	0.2497029453516006	9066	0.249960795044899	18733	0.2511399984359741	2372	0.2528529167175293	
