200 20
64353	39.91240310668945	49494	58.8812370300293	37414	61	46841	61.74949264526367	71972	62.66577911376953	40234	63.20601272583008	94051	63.54525756835938	75961	65.10760498046875	41581	65.40642547607422	83347	66.37017059326172	84953	67.38694000244141	35614	67.43144989013672	2786	67.52037048339844	21006	67.74954223632812	72967	68.05879974365234	67096	68.06614685058594	60013	68.13956451416016	43440	68.23488616943359	82087	68.29348754882812	78792	68.32276153564453	
73522	2.449489831924438	56176	59.4810905456543	36500	60	66433	60.25777816772461	78306	60.74536895751953	69320	61.04916000366211	28617	61.85466766357422	79485	62.12889862060547	59815	62.15303802490234	65418	62.55397796630859	36922	62.84902572631836	33648	62.88084030151367	17124	62.94441986083984	19164	63	13709	63.17436218261719	70542	63.25345993041992	62456	63.3876953125	79085	63.41923904418945	89942	63.74166488647461	4052	63.81222534179688	
51818	21.63330841064453	69488	24.63736915588379	26820	25.84569549560547	80696	26.15339279174805	32040	28.74021530151367	29460	29.32575607299805	79484	30.49590110778809	17365	30.5941162109375	84714	31.24099922180176	12423	31.71750259399414	31724	33.66006469726562	1904	34.92849731445312	77507	35.49647903442383	28140	36.02776718139648	15989	36.08323669433594	92928	36.27671432495117	53320	37.44329071044922	89062	38.36665344238281	10373	38.53569793701172	16755	38.69108581542969	
89898	12.28820610046387	91399	154.0292205810547	25294	155.0870666503906	69107	173.2916564941406	46972	194.3964996337891	80708	202.6203308105469	17261	203.2461547851562	42139	219.6497192382812	90209	226.4288024902344	59618	227.9868469238281	73840	231.0411224365234	15074	232.6069641113281	68361	235.80712890625	15335	247.4833374023438	19996	249.3150634765625	32381	261.7269592285156	70744	290.2154235839844	42276	292.1300964355469	40897	371.6705627441406	90684	373.7940673828125	
67138	90.80748748779297	29772	91.46584320068359	78408	91.62422943115234	89094	93.02687835693359	40045	93.77099609375	6765	93.85626983642578	64960	94.54099273681641	15002	95.07365417480469	86681	95.64517974853516	71228	96.31199645996094	54696	96.88652801513672	82475	96.88652801513672	33174	97.12363433837891	26625	97.43715667724609	56511	97.56536102294922	29583	97.95407104492188	43487	98.13765716552734	82158	98.37174224853516	89112	98.62555694580078	36309	98.70156860351562	
13169	51.63332366943359	80556	53.71219635009766	16768	54.19409561157227	42538	54.77225494384766	64102	54.77225494384766	8809	54.84523773193359	4755	54.88169097900391	73419	55.05451965332031	11848	55.226806640625	42448	55.43464660644531	10406	55.50675582885742	4638	55.60575485229492	83586	55.6417121887207	5571	55.77634048461914	14351	55.90169906616211	62368	55.90169906616211	7197	55.93746566772461	63395	55.93746566772461	4757	55.97320938110352	20844	56.05354690551758	
76492	42.91852569580078	72946	45.47526931762695	43818	45.62893676757812	52387	45.73838806152344	35635	45.81484603881836	12965	45.82575607299805	71072	45.98912811279297	19658	46.14108657836914	85552	46.30334854125977	68794	46.47579956054688	68506	46.64761352539062	14380	46.69047164916992	21789	47.06378555297852	81586	47.24404907226562	65224	47.33920288085938	27726	47.36032104492188	56729	47.41307830810547	69265	47.43416595458984	28552	47.44470596313477	90636	47.44470596313477	
4368	48.57983016967773	3480	49.51767349243164	90417	49.56813430786133	39801	49.73931884765625	10475	50.03998565673828	83231	50.16971206665039	40400	50.23942565917969	963	50.25932693481445	808	50.30904388427734	84257	50.45790481567383	58047	50.49752426147461	12688	50.5470085144043	18529	50.72474670410156	78142	50.76416015625	78209	50.77400970458984	71029	50.78385543823242	82122	50.81338500976562	27274	50.85272979736328	18036	50.9215087890625	4998	50.96076965332031	
65209	43.27817153930664	81389	43.55456161499023	14963	44.45222091674805	10549	44.4971923828125	19669	44.78839111328125	5003	44.81071472167969	46598	44.9110221862793	34079	45.62893676757812	33105	46.02173233032227	65224	46.08687591552734	36530	46.35730743408203	3853	46.48655700683594	63445	46.52956008911133	80163	46.59399032592773	30323	46.65833282470703	83813	46.75468063354492	13875	46.84015274047852	14380	47.10626220703125	1072	47.15930557250977	59901	47.41307830810547	
2383	15.1986837387085	76806	44.339599609375	58955	57.63679504394531	31272	81.09870910644531	35499	84.23776245117188	17600	84.79976654052734	77035	87.60707855224609	19264	88.57200622558594	8705	89.5767822265625	70996	90.2330322265625	90241	90.2330322265625	87105	90.49309539794922	45597	90.79096984863281	23026	90.96702575683594	45137	90.97252655029297	82411	91.13177490234375	89958	91.13177490234375	30600	91.21403503417969	72996	91.40021514892578	86972	91.48223876953125	
19149	58.56620025634766	13870	59.50630187988281	65351	59.59026718139648	90531	59.74110794067383	40064	60.55575942993164	39385	60.77005767822266	3853	60.88513946533203	28981	61.13918685913086	40080	61.24540710449219	59901	61.25357055664062	45808	61.30252838134766	61206	61.40032577514648	94100	61.6684684753418	70563	61.6846809387207	55775	62.04030990600586	3567	62.16107940673828	59288	62.25753021240234	46159	62.45798492431641	27721	62.50600051879883	40377	62.56196975708008	
42131	44.88875198364258	64047	45.71651840209961	54685	46.59399032592773	49560	46.61544799804688	2163	46.69047164916992	21748	46.84015274047852	23634	47.02127075195312	42573	47.06378555297852	59969	47.14870071411133	44813	47.18050384521484	29102	47.34976196289062	46753	47.38143157958984	14185	47.43416595458984	30573	47.46577835083008	5630	47.6340217590332	41870	47.71792221069336	77986	47.77028274536133	45057	47.79121398925781	22058	48.07286071777344	52032	48.09365844726562	
13429	46.73328399658203	53996	46.85082626342773	15628	48.07286071777344	81945	48.69291687011719	5003	48.70318222045898	35521	48.86716842651367	40080	49	10549	49.07137680053711	52032	49.22397613525391	52387	49.42671203613281	71034	49.53786468505859	30496	49.58830642700195	58250	49.62862014770508	88608	49.68903350830078	1858	49.72926712036133	53414	49.90991973876953	2747	50.04997634887695	73501	50.1796760559082	94	50.25932693481445	2952	50.42816543579102	
19830	72.08328247070312	77662	110.3403854370117	21116	118.1016540527344	62966	119.2518310546875	84548	119.6076889038086	47318	119.8165283203125	71621	120.5363006591797	14428	121.1032638549805	67524	121.4084014892578	69479	121.4783935546875	7032	122.0409774780273	12261	122.0696487426758	65953	122.0901336669922	32895	122.1842880249023	71333	122.4418258666992	59564	122.6417541503906	12891	122.6662139892578	18835	122.9634094238281	36451	123.2274322509766	30403	123.3531494140625	
20364	59.41380310058594	20971	63.4271240234375	86663	63.81222534179688	34116	63.9921875	66279	64.17943572998047	31366	64.42825317382812	30724	64.59101867675781	42663	64.59101867675781	61890	64.69157409667969	44265	64.73020935058594	4690	64.76882171630859	46005	64.85368347167969	39994	64.86910247802734	94090	64.90762329101562	15038	65.07688140869141	67676	65.37583923339844	49249	65.61249542236328	26584	65.62773895263672	93938	65.62773895263672	76117	65.67343139648438	
51958	115.2735900878906	81404	150.5357055664062	31802	152.728515625	38485	152.7907104492188	12018	154.5250854492188	26047	154.6770782470703	59909	155.2900543212891	33635	155.8813629150391	4131	156.1153411865234	63643	156.3425750732422	3324	156.4576568603516	90354	156.9426574707031	5138	157.0509490966797	41713	157.1464233398438	15254	157.2291259765625	54884	157.4102935791016	78412	157.4356994628906	17834	157.5499877929688	9396	157.7593078613281	8935	157.7656555175781	
54123	24.75883674621582	37122	47.19110107421875	80000	57.51521682739258	63506	62.42595672607422	66945	66.15134429931641	52976	68.86943817138672	14414	69.85699462890625	88454	70.71067810058594	58999	74.21590423583984	34960	74.28324127197266	6648	82.21921539306641	52863	83.09632873535156	88357	92.34175872802734	13022	96.50388336181641	54396	97.21625518798828	6621	97.22653961181641	6577	99.08077239990234	16995	99.36800384521484	76182	100.2147674560547	38494	100.229736328125	
48902	64.03124237060547	32273	65.45991516113281	20663	65.72670745849609	44173	67.40919494628906	67532	67.95587158203125	80645	68.80406951904297	38948	72.41546630859375	43000	72.91090393066406	33709	73.39618682861328	38453	73.96620941162109	26637	74.63243103027344	72624	74.63243103027344	28073	75.43871307373047	30845	75.53807067871094	22785	75.703369140625	46238	76.52450561523438	29868	76.58329010009766	85856	76.68767547607422	19451	76.75285339355469	91403	77.52419281005859	
66099	45.90206909179688	67728	47.97916030883789	43924	48.1871337890625	25186	48.23898696899414	33356	48.28042984008789	47294	48.29078674316406	18005	48.4561653137207	40886	48.47679901123047	34295	48.85693359375	50153	49.25444030761719	6764	49.43682861328125	16821	49.52777099609375	31011	49.54795837402344	17405	49.55804824829102	33294	49.56813430786133	1694	49.63869476318359	69810	49.66890335083008	59668	49.69909286499023	91195	49.73931884765625	89998	49.85980224609375	
31598	24.39262199401855	26868	44.39594650268555	16623	46.2385139465332	24659	135.6355438232422	60234	136.3744812011719	8875	137.5136413574219	73448	137.7534027099609	12936	138.8884429931641	87929	139.5600280761719	72747	140.2319488525391	4500	141.2940216064453	45516	141.3329467773438	48532	141.4885101318359	32708	141.6298065185547	42147	141.7145080566406	93531	141.7215576171875	13983	142.1302185058594	12446	142.4078674316406	74501	142.5096435546875	74873	143.5304870605469	
80813	20.90454483032227	1103	37.10795211791992	43678	58.51495361328125	72208	78.17928314208984	82078	79.76214599609375	4138	80.72174072265625	62168	81.08637237548828	49220	81.12952423095703	61158	81.79853057861328	10417	81.92069244384766	68629	81.94510650634766	36234	82.45604705810547	91037	83.54639434814453	6330	83.71379852294922	61420	83.80931091308594	43408	83.9464111328125	75308	84.08329010009766	41138	84.09518432617188	81675	84.27336120605469	26506	84.31488800048828	
21788	115.797233581543	45810	115.8533554077148	43628	117.9788131713867	30285	125.7815551757812	71757	127.0236206054688	38022	128.0859069824219	37249	130.3188323974609	63350	130.4338989257812	4738	132.8608245849609	48202	137.9963836669922	32239	139.3018341064453	6605	139.5062713623047	23211	142.7830505371094	51708	148.4688568115234	68138	149.5125427246094	74952	149.5994720458984	40703	150.3096771240234	31498	150.3961486816406	53143	151.0397338867188	1507	151.2316131591797	
66668	48.20788192749023	63906	50.2493782043457	20492	50.35871505737305	9793	50.44799423217773	91415	50.55690002441406	62901	50.9215087890625	12655	51.30302047729492	91370	51.400390625	32748	51.41011428833008	77190	51.71073532104492	15797	51.74939727783203	68934	51.85556793212891	19161	51.89412307739258	6485	51.92301940917969	3592	52.00961303710938	10010	52.03844833374023	80778	52.21110916137695	69316	52.38320159912109	91959	52.48809432983398	53629	52.56424713134766	
2868	68.05145263671875	70522	68.98550415039062	33477	71.11962127685547	19292	71.3792724609375	9646	71.6658935546875	81749	71.99305725097656	14086	72.84229278564453	49996	73.87151336669922	57728	73.87151336669922	35484	74.1080322265625	19221	74.23610687255859	38380	74.33706665039062	73393	74.33706665039062	46628	74.36396789550781	26915	74.40430450439453	79089	74.51174163818359	62840	74.61233520507812	78092	74.63243103027344	17916	74.73954772949219	67073	74.82646942138672	
60500	69.64194488525391	75765	69.79254913330078	82864	70.31358337402344	93995	70.37755584716797	28705	70.47694396972656	81886	70.90133666992188	27889	71.18988800048828	32957	71.35124206542969	4755	71.63099670410156	6171	71.93051910400391	52629	71.95832061767578	87049	72.10408782958984	29884	72.12489318847656	45928	72.22880554199219	57079	72.35330200195312	77975	72.39475250244141	91178	72.52585601806641	85866	72.61542510986328	18725	72.67048645019531	69688	73.21202087402344	
15999	18.89444351196289	32515	26.47640419006348	7845	36.02776718139648	87459	56.50663757324219	20434	57.82732772827148	44296	57.84461975097656	49348	58.64298629760742	41675	58.83026504516602	83898	59.5315055847168	39701	59.88322067260742	52153	59.90826416015625	79501	60.34898376464844	92310	60.63002395629883	49791	60.7618293762207	66459	61.11464691162109	64638	61.24540710449219	18400	61.29437255859375	9158	61.42475128173828	5848	61.4410285949707	89685	61.53860473632812	
81079	8.602325439453125	88010	8.717798233032227	77587	9.591663360595703	25688	10.90871238708496	43232	11.48912525177002	58001	11.70469951629639	80352	11.74734020233154	63722	11.91637516021729	79991	12	2314	12.4096736907959	62908	12.4899959564209	9394	12.52996444702148	33253	13.60147094726562	71132	13.92838859558105	38614	14.24780654907227	90923	14.28285694122314	6785	14.52583885192871	49961	14.59451961517334	58028	14.66287803649902	40143	14.86606884002686	
72825	64.34283447265625	29672	64.36614227294922	63729	65.23802947998047	74399	65.4140625	29942	65.48281860351562	23858	66.16645812988281	66011	66.27216339111328	80978	66.27970886230469	16148	66.37770843505859	39308	66.49812316894531	77466	66.62582397460938	54527	66.73080444335938	53140	67.51296234130859	10023	67.58698272705078	74699	67.61656951904297	80848	67.67569732666016	58435	67.74215698242188	22374	67.80855560302734	44456	67.84541320800781	61612	67.9705810546875	
78460	153.3557891845703	64252	154.6512145996094	1797	156.6428985595703	60540	161.7652587890625	79703	165.0757446289062	64275	165.5657043457031	60387	165.7136077880859	43079	167.7080841064453	29922	172.38330078125	71919	174.6138610839844	25910	175.4508514404297	70406	176.3264007568359	94355	176.6323852539062	53545	176.8841400146484	406	177.0508422851562	88055	177.0706024169922	52831	177.2568817138672	4215	177.8510589599609	69434	178.4320526123047	1872	179.6663513183594	
13250	12.08304595947266	40310	12.4096736907959	80580	12.52996444702148	74285	12.60951995849609	43771	12.68857765197754	49468	12.7279224395752	40833	12.80624866485596	41394	12.84523296356201	56549	12.84523296356201	6147	12.88409900665283	52336	12.88409900665283	51128	12.92284774780273	37243	13	59248	13	50453	13.03840446472168	64779	13.03840446472168	59929	13.07669639587402	34680	13.15294647216797	89538	13.15294647216797	51157	13.26649951934814	
9217	41.26742172241211	9861	42.34383010864258	87625	42.41461944580078	20900	43.04648590087891	78803	43.45112228393555	6297	44.47471237182617	5590	44.57577896118164	27721	44.59820556640625	40896	44.82186889648438	74047	44.9110221862793	31182	44.9777717590332	21403	45	19149	45.18849563598633	91178	45.22167587280273	65274	45.31004333496094	56349	45.46427154541016	28206	45.51922607421875	56946	45.88027954101562	6679	45.89117431640625	40080	46.01086807250977	
3329	80.59156036376953	54155	80.82697296142578	79167	81.09253692626953	7923	81.7557373046875	35369	81.92069244384766	72181	82.3953857421875	71188	82.58329010009766	47247	82.74660491943359	65744	83.02409362792969	2878	83.03614044189453	6848	83.09632873535156	2014	83.654052734375	11295	84.08924102783203	16710	84.25556182861328	68651	84.32081604003906	14010	84.58723449707031	42667	84.58723449707031	88393	84.59314727783203	67672	84.66403961181641	41814	85.07643890380859	
93745	43.52011108398438	20245	101.3607406616211	16573	105.0142822265625	24795	107.368522644043	48622	109.2062301635742	49613	109.7588272094727	47618	109.9363479614258	7140	111.0495376586914	7032	112.4322052001953	81368	112.5477676391602	84825	113.1989364624023	13335	113.2651748657227	506	113.503303527832	84326	113.9341888427734	53533	114.372200012207	8501	114.8956069946289	40965	114.9869537353516	48481	115.2085037231445	90490	115.3733062744141	9773	115.4469604492188	
12028	54.19409561157227	35917	54.63515472412109	2001	54.7357292175293	23800	55.09991073608398	51354	55.12712478637695	50173	56.66568756103516	32653	56.7714729309082	7793	56.88584899902344	86540	56.95612335205078	38471	57.10516738891602	49591	57.18391418457031	90195	57.21014022827148	59780	57.49782562255859	72298	57.69748687744141	73277	57.83597564697266	39917	58.02585601806641	49320	58.10335540771484	5607	58.27520751953125	59546	58.33523941040039	44576	58.4208869934082	
1470	82.6861572265625	7214	83.9166259765625	68488	83.93450164794922	41599	84.03570556640625	2956	84.28523254394531	52724	84.30302429199219	1947	84.82923889160156	90790	84.99411773681641	75783	85.4166259765625	45347	85.77878570556641	57066	85.98255920410156	81901	86.14522552490234	90243	86.22644805908203	25122	86.26123046875	1744	86.45808410644531	418	86.68333435058594	66385	86.82741546630859	82610	88.01136016845703	31560	88.06247711181641	46536	88.53812408447266	
90930	246.7427825927734	37091	248.0342712402344	24040	249.7899169921875	78740	251.1413879394531	16102	251.28271484375	43512	251.7379608154297	25797	252.7053680419922	22185	255.9218597412109	70199	256.7333374023438	19438	259.3395385742188	84693	260.3766479492188	69395	264.2120361328125	43956	265.8458251953125	25561	265.8514709472656	34995	266.9194641113281	39287	268.3952331542969	68886	268.454833984375	23755	269.5273742675781	41225	270.3886108398438	1512	270.904052734375	
72938	4.242640495300293	21638	46.57252502441406	22448	49.07137680053711	70891	50.80354309082031	74508	50.91168975830078	30261	52.23983001708984	10564	52.50714111328125	741	52.57375717163086	2550	52.86775970458984	41261	53.00943374633789	89132	53.25410842895508	11058	53.60969924926758	39218	53.92587661743164	7672	54.11099624633789	20370	54.15717697143555	35560	54.18486785888672	4222	54.24020767211914	29650	54.27706527709961	73915	54.35071182250977	82948	54.38749694824219	
36298	25.01999282836914	21286	42.48529052734375	30841	47.6235237121582	14147	51.49757385253906	86611	69.23871612548828	27021	69.36137390136719	86105	70.40596771240234	62292	71	4135	72.08328247070312	77206	72.62230682373047	44935	73.02738952636719	78374	73.14369201660156	94599	73.16419982910156	87459	73.35530090332031	522	73.38937377929688	24195	73.38937377929688	52153	73.47789001464844	82180	73.53910827636719	55281	73.73601531982422	5925	73.89181518554688	
32983	96.27564239501953	62632	100.5286026000977	60990	100.7273559570312	48254	102.2790298461914	29143	102.4353485107422	81585	104.3359985351562	59754	105.4277038574219	22020	107.0373764038086	69215	107.2660217285156	84807	107.3498916625977	17797	107.6568603515625	32864	108.0370330810547	10546	108.452751159668	12058	108.8990325927734	77937	108.9816513061523	37605	109.8043746948242	68472	109.8316879272461	23346	110.1862030029297	76313	111.0720520019531	74109	111.1125564575195	
55345	38.26225280761719	14963	39.53479385375977	61350	39.61060333251953	28044	39.77436447143555	69001	40.29888153076172	5935	40.45985794067383	6651	40.50925827026367	24017	41.1096076965332	1582	41.64132690429688	90636	41.74925231933594	76507	41.77319717407227	70515	41.9761848449707	51593	42.20189666748047	357	42.35563659667969	33294	42.36743927001953	18654	42.44997024536133	66004	42.44997024536133	19669	42.48529052734375	19785	42.4970588684082	83453	42.4970588684082	
87932	45.45327377319336	74762	61.90314865112305	66972	62.16912460327148	30893	62.90468978881836	61342	62.9761848449707	39395	63.07931518554688	66813	63.28506851196289	2639	63.37980651855469	741	63.47440338134766	74508	63.50590515136719	64176	63.66317749023438	86371	63.90618133544922	17807	64	56843	64.07807922363281	57481	64.24951171875	22448	64.31951141357422	45390	64.34283447265625	85909	64.40496826171875	78052	64.45153045654297	29510	64.49031066894531	
54615	158.0727691650391	65913	202.716552734375	1261	221.4000854492188	13089	226.68701171875	59446	232.2606353759766	54397	233.8503723144531	175	233.8845825195312	5654	236.0699005126953	5100	236.1397857666016	1232	236.2244720458984	65674	237.4868469238281	59193	237.9537811279297	38559	238.396728515625	68123	238.4135131835938	66975	239.6580963134766	78397	239.7498626708984	91447	239.8416137695312	30633	239.9624938964844	32878	240.1187133789062	5174	240.7218322753906	
76302	44.15880584716797	49777	83.51047515869141	73379	97.47307586669922	22241	109.229118347168	48159	110.4762420654297	90223	112.2541732788086	71159	114.1971969604492	3029	114.3284759521484	92320	114.7388305664062	25263	114.9347610473633	24065	116.4474105834961	94295	116.7390289306641	59231	117.0384521484375	23408	117.371208190918	50279	117.5372314453125	77638	118.4103012084961	49718	118.511604309082	56898	118.6170272827148	4209	118.7434234619141	3493	118.8149795532227	
47141	105.6976852416992	44204	108.6692199707031	87997	108.8714828491211	92008	108.9357604980469	21368	109.4257736206055	61940	109.4714584350586	4780	112.0847930908203	91358	112.1293869018555	58081	120.3037796020508	5639	120.9669342041016	91199	121.4701614379883	79242	122.1024169921875	9073	122.9023971557617	45270	123.174674987793	24034	123.2152557373047	81444	123.2639465332031	68144	123.8951187133789	77263	125.0039978027344	56571	125.0120010375977	26361	125.8093795776367	
17790	9.848857879638672	71743	12.16552543640137	77158	12.68857765197754	8583	15.68438720703125	60166	16.37070465087891	87915	39.16631317138672	82389	39.26830673217773	59875	39.31920623779297	45711	39.59798049926758	17769	39.6862678527832	85999	43.50862121582031	16588	43.7835578918457	39431	43.81780624389648	8113	43.86342620849609	9371	43.87482070922852	29758	43.95452117919922	41834	49.60846710205078	23198	51.68171691894531	59879	52.09606552124023	1243	52.25897216796875	
85004	43.49712753295898	80327	51.14684677124023	27878	52.30678558349609	17277	52.64978790283203	9245	52.76362228393555	43549	53.28226852416992	48677	53.57238006591797	78323	53.63767242431641	31253	53.82378768920898	79923	54.02777099609375	60444	54.05552673339844	18421	54.24942398071289	75699	54.36911010742188	42973	55.12712478637695	20302	55.38050079345703	26759	55.53377532958984	29591	55.60575485229492	80211	55.91958618164062	94655	55.99106979370117	22527	56.26721954345703	
34265	12.64911079406738	81999	13.26649951934814	70270	13.56466007232666	89538	14	39208	14.14213562011719	28397	14.17744731903076	83346	14.17744731903076	43771	14.21267032623291	61247	14.21267032623291	68985	14.21267032623291	24686	14.24780654907227	33440	14.24780654907227	54169	14.24780654907227	59566	14.35270023345947	5107	14.42220497131348	53169	14.52583885192871	70943	14.52583885192871	68697	14.56021976470947	77563	14.59451961517334	12620	14.66287803649902	
46068	22	81521	78.30070495605469	36274	78.51114654541016	46085	79.39773559570312	70896	79.41032409667969	26439	82.03657531738281	33205	82.07923126220703	54728	82.09750366210938	5347	83.04817962646484	3317	83.05419921875	72603	83.15046691894531	28013	83.27064514160156	86950	83.31866455078125	43457	83.51047515869141	69243	83.77350616455078	37844	84.08924102783203	72030	84.20214080810547	40904	84.22588348388672	91287	84.4393310546875	67632	84.451171875	
58250	40.90232086181641	24980	41.49698638916016	357	41.60528945922852	52574	42.63801193237305	68203	43	60256	43.43961334228516	1858	43.46262741088867	52260	43.7835578918457	94758	44.0113639831543	12066	44.04542922973633	22766	44.04542922973633	14963	44.09081649780273	29102	44.18144226074219	34186	44.20407104492188	84590	44.28318023681641	85962	44.29446792602539	55596	44.30575561523438	5773	44.339599609375	53996	44.39594650268555	94325	44.41846466064453	
34997	41.74925231933594	7895	44	6152	48.22862243652344	89980	51.53639602661133	53710	51.78802871704102	28584	52.44997787475586	50078	52.47856521606445	14043	52.77309799194336	27542	53.32916641235352	70991	53.52569580078125	16277	53.59104537963867	26560	53.72150421142578	81826	53.77731704711914	85660	54.30469512939453	20741	54.3231086730957	67770	54.35071182250977	79258	54.51605224609375	17594	54.5710563659668	59772	54.58021545410156	53837	54.80875778198242	
74975	114.9173583984375	49932	118.8149795532227	82866	123.1787338256836	6801	123.3855743408203	33700	126.2576751708984	32470	127.2595748901367	53141	127.7771530151367	87099	128.4406433105469	34231	128.9379730224609	62173	129.4256591796875	61302	129.5685119628906	36084	129.5878143310547	87527	129.8268127441406	25909	129.8768615722656	78412	130.1768035888672	34431	130.2228851318359	38021	130.8854522705078	2966	130.9694671630859	85583	131.1640167236328	28303	131.4572143554688	
9224	51.44900512695312	50850	51.48786163330078	8059	51.64300537109375	26191	52.27810287475586	1005	52.430908203125	74624	52.64028930664062	40616	52.64978790283203	90512	53.09425735473633	8185	53.16013717651367	8064	53.22593307495117	21103	53.26349639892578	70314	53.38539123535156	40975	54.39669036865234	80293	54.86346817016602	81073	54.86346817016602	35208	55.10898208618164	41675	55.17245864868164	28331	55.1815185546875	45016	55.27205276489258	47033	55.35340881347656	
13395	20.46949005126953	63515	36.83748245239258	3508	50.49752426147461	66215	50.78385543823242	94259	50.793701171875	5015	51.06858062744141	73913	51.26402282714844	5171	52.00961303710938	64962	52.16320419311523	91959	52.69725036621094	7333	52.88667297363281	38844	53.16954040527344	94502	53.60969924926758	9782	54.07402420043945	7883	54.16640853881836	60272	54.16640853881836	82033	54.59853363037109	54069	54.64430618286133	53629	54.79963684082031	87234	54.87258148193359	
57975	42.70831298828125	78992	45.03332138061523	69976	45.21061706542969	67808	45.76024627685547	72700	45.81484603881836	52387	46.05431747436523	74410	46.19523620605469	8558	46.31414413452148	45514	46.35730743408203	86673	46.42197799682617	67698	46.54030609130859	22082	46.63689422607422	678	46.64761352539062	11310	46.73328399658203	43425	46.78675079345703	5265	46.97871780395508	79363	47.08502960205078	6231	47.09564590454102	20036	47.12748718261719	9159	47.13809585571289	
5426	110.2678527832031	93078	112.8804702758789	19812	115.2605743408203	48187	115.6243896484375	55240	116.0043106079102	44959	116.9401550292969	61679	117.4478607177734	55577	119.0462112426758	88846	123.3409881591797	6049	124.2779159545898	71140	124.7998428344727	74852	126.0634765625	31600	126.6017379760742	66362	126.7043838500977	70467	127.0039367675781	10993	127.1101913452148	7011	129.8961181640625	39393	130.03076171875	72639	130.076904296875	75200	130.3955535888672	
83246	6.633249759674072	20497	6.78233003616333	93895	6.78233003616333	82406	6.928203105926514	42624	7.141428470611572	84635	7.211102485656738	32513	7.745966911315918	72041	7.937253952026367	60360	8.185352325439453	71448	8.246211051940918	56717	8.366600036621094	48131	8.717798233032227	79128	8.717798233032227	86435	8.717798233032227	69876	8.831760406494141	92640	8.831760406494141	54832	8.944272041320801	37746	9.165151596069336	56477	9.165151596069336	87129	9.273618698120117	
70895	147.6177520751953	11230	154.1298217773438	47758	158.4013824462891	74241	159.2953186035156	58116	159.7623291015625	39315	160.0343780517578	44449	160.7886810302734	76599	161.8208923339844	88497	161.9629516601562	86476	162.0493774414062	42811	162.0586242675781	84886	162.0648040771484	15382	162.3052673339844	7424	162.348388671875	25519	162.4807739257812	33551	162.5422973632812	53772	162.9324951171875	14505	163.4625396728516	88006	164.2985076904297	83553	164.9575653076172	
57791	14.42220497131348	29294	44.20407104492188	90148	61.04916000366211	55155	61.49796676635742	27587	61.82232666015625	8854	62.10475158691406	6401	62.28162002563477	83328	62.29767227172852	34715	62.30569839477539	81112	62.34580993652344	14443	62.41794586181641	80361	62.7136344909668	8185	62.88879013061523	25342	62.92853164672852	76645	63.11893463134766	14138	63.24555206298828	5578	63.64746475219727	13295	63.7181282043457	65319	63.80438995361328	79004	63.97655868530273	
56591	60.32412338256836	35104	61.01639175415039	63634	61.22907638549805	58064	61.36774444580078	2574	61.54673004150391	16493	61.74139785766602	87923	61.81423950195312	74903	61.89507293701172	26557	61.94352340698242	68077	61.96773529052734	8558	62.07253646850586	91551	62.120849609375	24297	62.29767227172852	90659	62.32976913452148	65651	62.36184692382812	80701	62.3939094543457	33606	62.40192413330078	77137	62.40993499755859	39135	62.44998168945312	20329	62.48199844360352	
67560	15.36229133605957	49190	34.74190521240234	80701	62.03224945068359	66721	62.70566177368164	35104	63.1347770690918	39698	63.35613632202148	1249	63.45864868164062	26804	63.53739166259766	83974	63.55312728881836	25621	63.67102813720703	48888	63.67888259887695	63376	63.95310592651367	42254	64.03124237060547	57247	64.05466461181641	4302	64.15605926513672	44139	64.23394775390625	2574	64.38167572021484	3148	64.38944244384766	44950	64.38944244384766	62642	64.41273498535156	
53607	97.39096832275391	52739	97.49871826171875	18493	98.25985717773438	25713	103.6870269775391	53639	105.7544326782227	41434	105.8064270019531	78095	106.2167587280273	46151	106.5739212036133	86863	107.3359222412109	19176	107.5964660644531	31067	109.1787490844727	10836	109.3846435546875	8716	112.6587753295898	49254	113.1149826049805	19959	113.415168762207	68962	114.5338363647461	91097	115.9051361083984	47681	117.745491027832	74318	118.1735992431641	52514	118.6760330200195	
14690	55.59676361083984	23683	55.60575485229492	32315	56.02677917480469	80183	57.29747009277344	7512	57.38466644287109	66146	57.48912811279297	22259	57.50652313232422	47980	57.5760383605957	55687	57.5760383605957	67986	57.5760383605957	89624	57.71481704711914	63280	58.12056350708008	91861	58.23229217529297	38602	58.30094528198242	52043	58.48931503295898	13037	58.60887145996094	2517	58.94064712524414	7983	59.01694488525391	60056	59.17770004272461	7318	59.23681259155273	
67117	36.37306594848633	1977	38.62641525268555	70398	215.313720703125	87382	252.0257873535156	85821	276.9747314453125	59867	282.08154296875	87806	285.259521484375	55850	293.5421752929688	82093	300.5411682128906	72273	307.7125244140625	16309	313.3464660644531	70930	316.7933044433594	42921	320.390380859375	41953	321.3300476074219	7190	334.8880310058594	38929	335.5368957519531	5298	335.9925537109375	11939	338.9410095214844	30609	343.837158203125	42320	345.1028747558594	
47911	19.23538398742676	41216	280.8914489746094	16853	336.9317321777344	5488	343.09619140625	92436	348.4537353515625	38416	352.0497131347656	76063	352.0610656738281	3034	353.3709106445312	83761	353.6778259277344	39520	354.3388061523438	32554	367.9252624511719	14130	375.3917846679688	69524	381.3187561035156	26384	382.145263671875	43791	382.6800231933594	24110	388.9344482421875	28942	392.26904296875	89762	405.7252807617188	41149	406.7763366699219	41062	407.2124633789062	
61783	14	87502	17.32050895690918	5143	18.02775573730469	54768	19.05255889892578	44048	19.18332672119141	82821	19.20937347412109	58484	19.94993782043457	20841	24.12467575073242	11626	34.13209533691406	26092	36.31803894042969	40923	36.42801284790039	47483	38.58756256103516	45462	39	27330	39.47150802612305	43237	40.58324813842773	92686	41.09744644165039	2398	41.50903701782227	2107	45.93473815917969	72725	47.02127075195312	89730	50.93132781982422	
66096	60.80295944213867	46180	61.40847015380859	65228	61.67657470703125	92033	62.55397796630859	67576	63.77303695678711	46987	64.59101867675781	10396	64.96922302246094	64416	65.0384521484375	92870	65.04613494873047	86426	65.16133880615234	87869	65.17668151855469	52267	65.21502685546875	4880	65.26101684570312	16639	65.43698883056641	63574	65.47518920898438	71267	65.58963012695312	41778	65.63535308837891	58650	65.74192047119141	72775	65.82552337646484	11565	65.87867736816406	
9732	50.6063232421875	91393	76.19711303710938	7034	76.41989135742188	39604	76.85700988769531	17927	76.86351776123047	54802	78.25598907470703	3611	78.32624053955078	65175	78.37091064453125	51141	78.80989837646484	71705	79.04428863525391	81111	79.05693817138672	92863	79.27799224853516	9884	79.32212829589844	30692	79.38513946533203	63281	79.39143371582031	92656	79.58014678955078	8226	79.60527801513672	21350	79.62411499023438	11732	79.71825408935547	87315	79.74961090087891	
35620	59.95832061767578	55755	60.25777816772461	70184	60.28266906738281	76299	61.55485534667969	22255	61.58733749389648	18700	61.77378082275391	84365	62.2414665222168	22943	62.40192413330078	90335	63.74950790405273	53505	64.93843078613281	43876	65.23036193847656	39662	65.26101684570312	4707	65.42170715332031	47122	65.66581726074219	83059	65.95452880859375	11504	67.45368957519531	9167	68.41783142089844	26834	68.43975830078125	6433	68.45436096191406	65786	69.20259857177734	
83102	36.71511840820312	31057	70.59037017822266	56274	71.15476226806641	6463	71.56116485595703	80315	71.6658935546875	71039	71.73562622070312	88926	72.20803070068359	19203	72.30490875244141	19128	72.34638977050781	2232	72.36020660400391	83322	72.36711883544922	78961	72.38093566894531	48253	72.41546630859375	11128	72.46378326416016	41210	72.46378326416016	39701	72.84229278564453	71054	72.91776275634766	15908	72.97944641113281	41613	73.05477142333984	50434	73.14369201660156	
94355	148.2126922607422	406	153.7237854003906	76654	153.9155578613281	63211	154.4085540771484	72459	158.5906677246094	83711	162.0863952636719	47665	164.5144348144531	73495	166.3580474853516	21330	167.8004760742188	63074	172.4992828369141	91367	172.7020568847656	59686	173.0722351074219	40930	173.5828399658203	45058	173.9597625732422	29068	175.1199645996094	43048	175.1599273681641	90584	175.3339691162109	61940	175.3995513916016	21368	175.4109497070312	87942	175.4166412353516	
37339	9.746794700622559	21695	9.848857879638672	68370	11.95826053619385	18746	14.42220497131348	51230	14.83239650726318	92653	22.93469047546387	65396	23.28089332580566	5046	25.98076248168945	71028	28.63564300537109	21759	29.15476036071777	69339	29.58039855957031	20848	46.16275405883789	30427	55.69560241699219	92242	319.6513671875	3488	321.0311584472656	68281	321.4560546875	23444	324.354736328125	78117	326.5302429199219	79930	327.7087097167969	41827	329.6058349609375	
34594	90.03887939453125	68734	94.57801055908203	41989	97.02061462402344	31869	97.66268157958984	7996	98.92421722412109	88776	99.09591674804688	25275	100.473876953125	37060	101.0049514770508	41423	102.1958923339844	24777	102.3914031982422	77419	102.9514465332031	41099	103.2956924438477	9260	103.5953674316406	62889	104.2305145263672	57094	104.2640914916992	19289	104.7998123168945	3381	105.2283248901367	38438	105.5035552978516	6146	105.9528198242188	50971	105.9952850341797	
200	53.3104133605957	3433	53.43220138549805	61605	53.99074172973633	11172	55.68662261962891	31488	59.13543701171875	69854	59.79966735839844	8628	60.94259643554688	86219	61.20457458496094	25690	61.31884002685547	9414	61.48170471191406	89847	61.94352340698242	71744	63.24555206298828	31390	63.34035110473633	91621	63.39558410644531	74227	63.44288635253906	91581	63.70243453979492	59123	63.76519393920898	34712	64.04685974121094	68266	64.10147857666016	41181	64.1248779296875	
75533	77.55643463134766	43347	103.5905380249023	21710	111.1845321655273	34489	111.7541961669922	86659	112.2630844116211	70708	113.1989364624023	52961	113.2033538818359	63368	113.2342681884766	11913	113.3798904418945	85853	113.5473480224609	19340	113.9341888427734	32712	114.2847290039062	48135	114.4639663696289	52772	114.5862121582031	10116	115.4729385375977	44887	117.3541641235352	18256	117.6095199584961	54268	117.7624740600586	56071	118.3004684448242	70454	118.6085968017578	
52214	52.44997787475586	58621	53.04714965820312	92078	53.1883430480957	57984	54.24020767211914	18631	55.28110122680664	52043	55.34437561035156	4755	56.23166275024414	42538	56.74504470825195	90512	56.89463806152344	86616	56.92978286743164	46453	56.93856430053711	40616	56.95612335205078	8059	57	74399	57.01753997802734	72575	57.21887969970703	680	57.37595367431641	44677	57.41080093383789	78375	57.54129028320312	28331	57.5760383605957	80627	57.67148208618164	
33503	51.93264770507812	13393	52.16320419311523	1116	52.51666259765625	93083	52.87721633911133	27689	53.1789436340332	16894	53.44155502319336	93963	53.46026611328125	88711	53.85164642333984	68073	54.03702545166016	84131	54.13871002197266	25546	54.26785278320312	80183	54.46099472045898	69407	54.50688171386719	86519	54.50688171386719	21073	54.51605224609375	73606	54.51605224609375	36643	54.67174911499023	34026	54.68089294433594	73837	54.82699966430664	12715	54.89080047607422	
14816	13.67479419708252	33901	13.96424007415771	33420	14.31782150268555	33372	26.53299903869629	79212	27.6224536895752	84292	34.07344818115234	33916	38.61346817016602	9690	42.81354904174805	21051	44.88875198364258	87432	45.05552291870117	81441	45.69463729858398	69382	46.3249397277832	42601	46.37887573242188	7995	46.57252502441406	34150	46.57252502441406	90215	47.03190231323242	88391	47.08502960205078	22880	47.24404907226562	40834	47.27578735351562	59640	47.6235237121582	
94319	24.95996856689453	66487	68.95650482177734	5228	79.15175628662109	77771	80.49223327636719	29003	80.52949523925781	64159	81.11720275878906	24720	82.41358947753906	26716	85.35221099853516	66729	85.58036804199219	61158	86.06974029541016	30845	86.38286590576172	28386	86.89073944091797	35946	87.50428771972656	72616	87.57283020019531	58495	88.28929901123047	5898	88.41380310058594	33269	88.78626251220703	93802	88.97752380371094	5679	89.06739044189453	28653	89.31964874267578	
22116	168.8046264648438	45668	180.8811798095703	4633	183.7362213134766	91011	186.6547546386719	34904	187.6166229248047	67870	188.7193756103516	26025	189.9342041015625	86228	190.1551971435547	38245	191.1962280273438	30108	191.7993774414062	49797	192.3954315185547	47377	192.4292144775391	12436	192.4993438720703	35272	192.686279296875	89509	193.5949401855469	73356	194.2266693115234	14167	194.5301971435547	56065	194.6715240478516	83098	194.7485504150391	63695	194.8152923583984	
9652	55.00909042358398	65604	55.99106979370117	28643	57.05260848999023	60056	57.16642379760742	15440	57.28001403808594	63163	57.46303176879883	24753	57.48912811279297	47980	57.55866622924805	77297	57.56735229492188	74399	57.68015289306641	12272	57.79273223876953	21592	57.93099212646484	61406	58.00862121582031	44456	58.12916564941406	76110	58.34380722045898	58313	58.60887145996094	77618	58.66856002807617	13669	58.79625701904297	83696	58.79625701904297	29567	58.83026504516602	
66829	52.49761962890625	29806	52.51666259765625	51693	53.43220138549805	16558	54.18486785888672	390	55.34437561035156	1385	56.08921432495117	54497	56.08921432495117	12580	56.96490097045898	725	57.14892959594727	42047	57.54129028320312	12468	57.62811660766602	55721	57.79273223876953	17061	57.81868362426758	9635	57.98275756835938	41242	57.98275756835938	2985	58.0603141784668	57760	58.18075180053711	46935	58.61740493774414	23961	58.64298629760742	11358	58.87274551391602	
38162	77.67882537841797	80156	84.19026184082031	51175	84.68766021728516	68296	86.70063781738281	46185	86.97700500488281	35159	87.4757080078125	70370	88.58329772949219	44760	89.78864288330078	72751	90.31057739257812	78426	90.33271789550781	18401	90.38805389404297	21845	90.39911651611328	76203	91.19210815429688	30600	91.24691772460938	9923	91.28527069091797	67906	91.4166259765625	88112	91.49863433837891	53563	91.75511169433594	8629	91.88579559326172	28051	91.91300201416016	
3606	51.06858062744141	29134	51.14684677124023	37604	52.11525726318359	5312	52.30678558349609	48747	52.39274597167969	90139	52.42137145996094	94957	52.71622085571289	82126	52.78257369995117	20240	52.82044982910156	51225	52.89612579345703	54345	53.15073013305664	47832	53.2071418762207	23139	53.24471664428711	28820	53.27288055419922	89023	53.34791564941406	58346	53.35728454589844	72299	53.40412139892578	71886	53.44155502319336	65127	53.47896957397461	7942	53.56304550170898	
86472	251.5332946777344	86065	273.7772827148438	34487	278.0701293945312	27335	278.3307495117188	52457	283.4342956542969	981	285.2945861816406	39856	285.7113952636719	77486	314.8809204101562	72135	322.3135070800781	48435	328.006103515625	53409	341.0337219238281	72270	348.1623229980469	35141	349.0802307128906	17535	350.7762756347656	56768	352.4911193847656	36151	352.5634765625	45313	354.0254211425781	36986	355.7583312988281	4647	356.1460266113281	45033	356.1600646972656	
23254	40.8166618347168	15391	51.49757385253906	80684	52.42137145996094	67943	54.69003677368164	44513	54.97272109985352	88626	56.22277069091797	42996	57.21014022827148	77712	58.0603141784668	77886	58.41232681274414	4788	58.63446044921875	80726	58.79625701904297	80344	58.87274551391602	90300	59.07622146606445	73277	59.13543701171875	35065	59.44745635986328	70180	59.48949432373047	20197	59.55669403076172	89411	59.95832061767578	3961	60.10823440551758	38091	60.15812683105469	
84187	86.91950225830078	73209	87.32697296142578	98	88.84818267822266	54154	91.30717468261719	25745	91.40021514892578	49868	92.16832733154297	79504	92.52567291259766	24711	92.79008483886719	61990	93.38629150390625	1567	93.52539825439453	19010	93.94147491455078	61907	94.19660186767578	27933	94.25497436523438	19158	94.96315002441406	90065	95.78621673583984	42598	95.97916412353516	55598	96.04165649414062	32050	96.35870361328125	92482	96.65402221679688	44480	97.18024444580078	
9539	6.928203105926514	86165	7.549834251403809	19507	75.86171722412109	62227	76.33478546142578	35080	115.329963684082	4908	115.7410888671875	69322	115.7842788696289	7184	115.9741363525391	69794	116.0818710327148	88590	116.3013305664062	63016	116.5675735473633	38444	116.6361846923828	7934	116.6447601318359	15698	117.0299072265625	17633	117.1324005126953	20296	117.7836990356445	5317	119.4947662353516	83656	120.2829971313477	78080	120.337028503418	23251	120.5114135742188	
34849	67.93379211425781	2315	68.40321350097656	72473	68.84039306640625	37853	69.58448028564453	38956	71.10555267333984	81118	71.31620025634766	31037	71.63797760009766	50277	72.06941223144531	11134	72.23572540283203	33610	72.59476470947266	61659	72.91776275634766	38139	72.95204162597656	47430	73.28028106689453	41247	73.29393005371094	84621	73.36211395263672	72024	73.51870727539062	5631	73.81056976318359	48558	73.83088684082031	22095	73.83766174316406	37105	74.04052734375	
43643	66.94773864746094	76114	67.63874816894531	5891	68.15423583984375	26067	68.49817657470703	53504	69.25315856933594	63893	69.39740753173828	47674	69.83551788330078	84842	69.89992523193359	47163	70.27090454101562	67215	70.32780456542969	43156	70.37755584716797	26370	70.41307067871094	12594	70.4698486328125	80443	70.51950073242188	59630	70.56202697753906	23458	70.59037017822266	41545	70.63285064697266	26097	70.66116333007812	79443	70.66823577880859	86970	70.696533203125	
87531	13.37908840179443	87296	15.13274574279785	53232	15.16575050354004	33160	21.77154159545898	91414	22.40535736083984	12673	23.89560699462891	55811	28.05352020263672	12966	28.67054176330566	3221	30.08321762084961	76173	36.81032562255859	5061	42.4970588684082	47841	59.67411422729492	20021	65.68865966796875	22478	66.52067565917969	84868	67.59437561035156	63999	67.74215698242188	57847	68.36666107177734	71149	68.51277160644531	65491	68.60028839111328	81663	68.73136138916016	
14930	1456.244873046875	34136	1493.995361328125	52702	1500.508544921875	84715	1500.7724609375	41187	1548.527099609375	33869	1587.868041992188	71594	1640.693115234375	68588	1665.51611328125	9501	1682.980712890625	66220	1781.817626953125	87646	1980.938720703125	66618	2085.37060546875	90628	2090.649658203125	82793	2097.954345703125	2920	2098.505859375	2813	2149.621826171875	42839	2217.56005859375	92769	2218.220703125	80775	2247.926025390625	45936	2322.57470703125	
11866	36	70345	36.13862228393555	23763	45	62373	45.13313674926758	4702	45.62893676757812	34891	45.7820930480957	22190	46.01086807250977	56057	46.41120529174805	78919	46.76537322998047	67788	46.97871780395508	50765	47.20169448852539	7748	47.29693603515625	548	47.39198303222656	86176	47.42362213134766	55910	47.48683929443359	25692	47.54997253417969	89597	47.54997253417969	58339	47.6235237121582	67072	47.71792221069336	66219	47.73887252807617	
42590	49.10193634033203	57921	85.52192687988281	44449	135.6945037841797	53772	139.1797332763672	40275	140.5916137695312	70224	141.3329467773438	64867	141.7744750976562	33874	141.9154663085938	12773	142.2251739501953	82247	142.3341064453125	11954	143.0174865722656	86476	143.0594329833984	94587	143.3352661132812	84886	143.4608001708984	19798	143.5653228759766	6611	143.6593170166016	76599	143.7080383300781	72269	143.7984771728516	80136	143.923583984375	39288	144.1908416748047	
33416	22.44994354248047	23711	62.72160720825195	52985	63.37191772460938	50332	64.10928344726562	80033	64.93073272705078	60913	65.2686767578125	87459	65.30696868896484	19259	65.42170715332031	72193	65.6201171875	79621	65.658203125	75920	65.73431396484375	83997	65.74192047119141	21812	66.19667816162109	82446	66.52819061279297	41445	66.55824279785156	51403	66.55824279785156	20570	66.96267700195312	14669	66.99253845214844	39196	67.08203887939453	29929	67.10439300537109	
88025	25.27845001220703	30564	53.1977424621582	54439	59.44745635986328	72750	60.59703063964844	30824	61.64413833618164	73901	62.40993499755859	52165	62.41794586181641	3834	63.0079345703125	51638	63.26926422119141	46766	63.53739166259766	38471	63.57672500610352	90195	63.70243453979492	86540	64.30396270751953	21849	64.37390899658203	54881	64.56005096435547	59137	64.73020935058594	59546	64.86910247802734	87972	65.05382537841797	49320	65.09223937988281	73277	65.17668151855469	
43301	75.83535003662109	82577	75.94734954833984	28707	76.28237152099609	50875	77.39508819580078	14433	77.40155029296875	2156	78.03204345703125	25614	78.16009521484375	87266	79.80601501464844	90889	80.25584411621094	72886	80.26206970214844	92176	80.54811859130859	13829	80.95677947998047	53111	81.58431243896484	58363	82.16446685791016	44650	82.18880462646484	93932	82.58934783935547	55072	82.6861572265625	8004	82.861328125	44715	83.82123565673828	28664	84.15461730957031	
70742	90.23857116699219	26047	119.3105163574219	17834	119.3147125244141	24276	120.747673034668	55929	121.737419128418	9992	122.0532684326172	21526	122.6254425048828	15957	124.1410522460938	41156	125.2357788085938	5645	126.2339096069336	44440	126.3249740600586	78683	126.360595703125	65637	126.4120254516602	10131	126.5938415527344	45672	127.0118103027344	11728	127.0393676757812	34231	127.1337890625	9773	127.2870788574219	48385	127.9062118530273	47919	127.9648361206055	
73730	286.3634033203125	36427	303.5868835449219	40566	319.8218383789062	41154	366.0095520019531	55738	376.6151733398438	94061	379.2334289550781	51029	383.4031677246094	47078	383.5596313476562	13109	391.4383850097656	70505	394.1497192382812	62648	396.49462890625	55396	399.4571228027344	34347	406.3114624023438	24422	417.7942199707031	38142	421.9146728515625	38709	422.4168701171875	87654	422.9574584960938	31914	428.3783264160156	15959	429.18994140625	84436	430.1836853027344	
94940	88.94380187988281	16642	91.09884643554688	21942	92.13577270507812	20916	92.19544219970703	4016	92.30926513671875	76767	94.69952392578125	60954	134.4098205566406	9312	143.3247985839844	29696	147.4008178710938	66871	147.8343658447266	45664	149.1844482421875	44005	149.4222259521484	90979	149.9033050537109	22239	149.9799957275391	67380	150.0033264160156	90513	150.2065277099609	26025	150.5423583984375	63549	150.5954895019531	34697	150.6021270751953	47381	150.7016906738281	
82838	14.17744731903076	69735	19.72308349609375	18877	20.56696319580078	17656	21.14237403869629	75648	21.21320343017578	15583	21.40093421936035	65163	21.61018371582031	71738	22.06807708740234	583	24.20743751525879	51156	24.87971115112305	80990	25.29822158813477	3977	25.35744476318359	26726	26.19160079956055	17875	26.94438743591309	88042	26.98147583007812	5816	27.23967742919922	92355	28.19574356079102	90049	28.23118782043457	20991	28.75760841369629	39930	28.93095207214355	
34692	50.49752426147461	88774	52.38320159912109	69847	52.65928268432617	77779	53.1883430480957	19951	53.22593307495117	41457	53.24471664428711	89500	53.27288055419922	74072	53.43220138549805	91195	53.73081207275391	33294	53.7959098815918	23510	53.93514633178711	31725	54.07402420043945	16756	54.35991287231445	53061	54.35991287231445	92041	54.39669036865234	55687	54.41506958007812	17583	54.60769271850586	34149	54.63515472412109	59668	54.6534538269043	66004	54.72659301757812	
30991	65.64297485351562	88861	67.75691986083984	14119	69.04346466064453	68284	69.28924560546875	77858	69.33253479003906	1784	69.72087097167969	16159	70.68946075439453	29868	71.69379425048828	78176	72.74613189697266	32461	73.02054595947266	80010	73.15736389160156	85856	73.7427978515625	67608	74.23610687255859	38411	74.46475982666016	11798	75.45197296142578	6756	75.82215881347656	90106	76.24958801269531	52680	76.72679138183594	83442	77.22693634033203	34025	77.58221435546875	
55749	32.83290863037109	93484	57.53260040283203	11307	58.19793701171875	16990	58.65151214599609	16205	58.94913101196289	94957	59.54829788208008	7591	60.02499389648438	2934	60.12487030029297	4543	60.20797348022461	93963	60.56401443481445	75784	60.77828598022461	46405	60.90977096557617	2439	61.03277969360352	40720	61.05735015869141	69262	61.07372665405273	29027	61.13918685913086	60725	61.14736175537109	41196	61.25357055664062	723	61.44916534423828	41764	61.60357284545898	
78602	37.77565383911133	51796	98.63569641113281	40308	99.15644073486328	2443	99.42836761474609	65329	100.0149993896484	65233	100.0499877929688	705	100.4689025878906	47526	100.5832977294922	84493	100.6926040649414	67251	101.0247497558594	37884	101.1484069824219	46878	101.4347076416016	48718	101.5184707641602	49994	101.636604309082	27502	101.9558715820312	49280	102.029411315918	15913	102.0637054443359	63865	102.0783996582031	64084	102.2350234985352	52346	102.3425598144531	
44296	14.52583885192871	49348	23.40939903259277	65604	40.13726425170898	33326	58.66856002807617	45760	61.02458572387695	44669	61.91930389404297	10023	62.43396377563477	15999	62.91263961791992	9330	62.99206161499023	63163	63.0238037109375	81158	63.15853118896484	87459	63.27716827392578	83328	63.76519393920898	55281	64.015625	63996	64.20280456542969	5848	64.23394775390625	19707	64.39720153808594	15853	64.42825317382812	20501	64.56779479980469	84148	64.89992523193359	
14693	137.7497711181641	10155	139.9785766601562	29992	141.2196807861328	92349	141.5203094482422	50755	145.8732299804688	61270	146.948974609375	84141	149.1442260742188	55709	149.7965240478516	76425	149.9266510009766	11139	150.3728637695312	5210	152.0197296142578	71637	152.8659515380859	32861	154.6900177001953	26580	155.9134368896484	9421	156.1089324951172	44020	157.1941528320312	32716	158.3982391357422	60679	158.5496826171875	64260	159.3078765869141	82857	159.3674926757812	
76492	47.97916030883789	16955	49.80963897705078	21444	49.87985610961914	62004	50.16971206665039	36222	50.70502853393555	6651	50.74445724487305	71906	50.89204406738281	3950	51.02940368652344	43818	51.322509765625	50528	51.34199142456055	83295	51.34199142456055	92793	51.78802871704102	40581	51.79768371582031	79541	51.80733489990234	68794	52.11525726318359	87199	52.12485122680664	8630	52.17279052734375	88966	52.182373046875	81586	52.21110916137695	65895	52.27810287475586	
20263	43.16248321533203	25686	43.71498489379883	46598	44.50842666625977	32467	45.08880233764648	56508	45.09988784790039	49394	45.14421463012695	83813	45.23273086547852	10549	45.49725341796875	14963	45.49725341796875	54007	45.54119110107422	36530	45.66180038452148	3853	45.72745513916016	52387	45.74931716918945	83508	45.77117156982422	81586	45.90206909179688	80163	46.07602310180664	22851	46.20605850219727	93221	46.27094268798828	30666	46.36809158325195	50558	46.42197799682617	
71022	22.40535736083984	45367	36.37306594848633	17457	51.03919982910156	31610	51.08815765380859	5579	51.71073532104492	72279	52.32590103149414	33116	52.801513671875	37620	52.98112869262695	54564	53.12250137329102	16530	53.60969924926758	36747	53.65631484985352	94597	53.74011611938477	85049	53.83307647705078	9212	53.99074172973633	89532	54.14794540405273	81255	54.16640853881836	83988	54.21254348754883	87923	54.21254348754883	12638	54.23098754882812	75430	54.24020767211914	
10252	60.7865104675293	73591	62.15303802490234	37776	64.24951171875	66338	65.40642547607422	58126	65.55150604248047	27312	67.54257965087891	16086	70.540771484375	40939	71.28814697265625	33513	71.45628356933594	4477	72.63607788085938	79751	72.82856750488281	71435	73.50510406494141	61313	75.16648101806641	13639	75.70997619628906	23605	77.33692169189453	20493	78.05126190185547	1697	78.36453247070312	40370	78.38367462158203	77338	78.80355072021484	46505	78.98734283447266	
57975	40.90232086181641	22082	42.35563659667969	63496	43.25505828857422	52644	43.7835578918457	73558	43.8292121887207	72754	43.87482070922852	71164	44.07947540283203	32110	44.339599609375	2662	44.37341690063477	45514	44.45222091674805	6416	44.56455993652344	16707	44.59820556640625	20838	44.60941696166992	15312	44.66542434692383	52320	44.9110221862793	2655	45.07770919799805	14818	45.08880233764648	10745	45.18849563598633	73770	45.18849563598633	15637	45.23273086547852	
32333	57.08765029907227	16661	101.044548034668	56617	108.0647964477539	36393	108.6968231201172	86671	108.6968231201172	63270	108.8393325805664	57454	111.3822250366211	60066	111.5257797241211	30721	111.5706024169922	44915	112.3521270751953	45113	112.4099655151367	29713	112.9070434570312	93424	112.9247512817383	30470	113.4724655151367	78497	113.7497253417969	50083	113.8112487792969	29367	113.921028137207	30237	114.0876846313477	42075	114.324104309082	86329	114.3547134399414	
89953	91.13177490234375	34708	93.93082427978516	73350	95.51439666748047	91353	96.09890747070312	22909	97.10303497314453	36638	97.52435302734375	9768	97.66268157958984	49234	97.95917510986328	88085	98.091796875	13475	98.50888061523438	29146	98.98989868164062	55676	99.10095977783203	68296	99.61927795410156	82151	99.67446899414062	11748	99.68952178955078	47342	99.72963714599609	47721	99.72963714599609	51186	99.78977966308594	54319	100.0449905395508	4955	100.1399002075195	
989	53.60969924926758	78425	53.67494583129883	34180	53.76802062988281	59881	53.78661727905273	34529	53.83307647705078	14784	53.86093139648438	12740	54.22176742553711	52252	54.35991287231445	66592	54.5710563659668	43688	54.66260147094727	67357	54.69003677368164	48055	55.10898208618164	83232	55.42562484741211	58840	55.56077575683594	12164	55.90169906616211	72248	55.96427536010742	81974	55.97320938110352	6241	56.08921432495117	8312	56.23166275024414	37979	56.25833129882812	
32211	12.68857765197754	31400	13.03840446472168	51478	13.34166431427002	4510	13.41640758514404	3084	13.63818168640137	15117	13.67479419708252	91987	13.747727394104	49468	13.78404903411865	66657	13.78404903411865	85590	13.78404903411865	46664	13.82027530670166	13250	13.85640621185303	18206	13.89244365692139	29091	13.89244365692139	89043	13.92838859558105	33025	13.96424007415771	55164	14	16773	14.03566837310791	46943	14.07124710083008	73803	14.07124710083008	
89538	10.24695110321045	86331	11.13552856445312	43771	12.20655536651611	29091	12.28820610046387	44653	12.28820610046387	90353	12.28820610046387	59929	12.36931705474854	94552	12.44989967346191	77563	12.4899959564209	16663	12.52996444702148	70083	12.52996444702148	28397	12.56980514526367	51478	12.64911079406738	56549	12.68857765197754	17620	12.7279224395752	18785	12.7279224395752	2629	12.76714515686035	39198	12.76714515686035	50570	12.80624866485596	30457	12.84523296356201	
10149	28.14249420166016	5547	107.7729110717773	19769	110.9369201660156	6608	112.7608108520508	30470	116.6190414428711	46057	117.4521179199219	25670	117.745491027832	47232	118.3849639892578	50633	118.9033203125	52944	120.1790313720703	45609	120.3910293579102	41546	120.5943603515625	82743	120.7145385742188	44631	120.747673034668	4599	120.9710693359375	16372	120.9917373657227	81734	121.1486663818359	75091	121.1569213867188	10749	121.1981811523438	65332	121.2023086547852	
36857	103.6629180908203	64198	123.1909103393555	70947	123.6891250610352	53533	124.7317123413086	13335	125.1718826293945	92825	125.2078247070312	93949	125.2118225097656	506	125.2597274780273	6816	126.0039672851562	94742	126.4871520996094	68348	127.0354309082031	94569	127.6401214599609	90473	127.7536697387695	21710	128.3900299072266	82676	128.5223693847656	88729	128.7167358398438	28390	128.7944030761719	49262	129.3097076416016	20398	130.0999603271484	79916	130.1114959716797	
16573	110.3177261352539	3247	110.8918380737305	10424	111.7855072021484	21315	111.9687423706055	41645	112.8893280029297	16273	113.8200302124023	47618	115.1694412231445	79657	115.8533554077148	61726	116.0301666259766	67524	116.7775650024414	36857	117.8855361938477	90044	118.6128158569336	87635	118.9663848876953	90758	119.029411315918	50821	119.1511611938477	48481	119.3859252929688	46667	119.4571075439453	69101	119.4571075439453	69479	119.5324249267578	9053	119.5491561889648	
87997	226.7774200439453	92008	226.7862396240234	36628	227.0176239013672	78293	229.954345703125	21368	230.6924285888672	61940	230.6924285888672	64372	230.9177398681641	64649	231.2509460449219	47141	231.7779083251953	21092	231.9374847412109	35386	232.0366363525391	93750	232.1874237060547	81424	232.2821502685547	9141	232.4220275878906	1773	232.5768737792969	44204	233.2466430664062	25934	234.3373565673828	67074	234.5037384033203	28515	234.6998138427734	88854	234.9340362548828	
8923	71.27411651611328	89911	71.83313751220703	67287	72.44998168945312	4068	72.86974334716797	31475	73.25981140136719	57338	73.34848022460938	91537	73.38256072998047	15948	73.57988739013672	14962	73.69532012939453	39146	73.76313781738281	18787	73.86473846435547	80639	73.87151336669922	84455	74.20242309570312	49981	74.22264099121094	52765	74.269775390625	51171	74.44461059570312	36201	74.69270324707031	75716	74.69270324707031	7063	74.7529296875	28887	74.82646942138672	
1796	35.7770881652832	64797	60.27437210083008	40183	92.60129547119141	74442	95.56673431396484	60840	95.84362030029297	88311	96.42095184326172	94626	96.63333129882812	3329	97.01546478271484	72406	98.11727905273438	87983	98.43271636962891	71877	98.44287872314453	25843	98.81295776367188	72804	99.41327667236328	30548	99.45350646972656	94377	99.58413696289062	43524	99.62429046630859	60971	99.68450164794922	83394	99.86991882324219	73845	100.0349960327148	94389	100.0549850463867	
83277	3.464101552963257	5098	20	48923	149.9299774169922	48531	159.0943145751953	93232	166.5022583007812	23472	168.3181457519531	34176	168.638671875	17533	168.7512969970703	30967	170.0793914794922	75606	170.7102813720703	78363	171.0555419921875	34294	171.3592681884766	11120	173.1242370605469	16708	174.2211303710938	82249	174.4706268310547	84898	175.6132049560547	25606	177.0790710449219	92035	179.1814727783203	31056	179.6747131347656	38501	180.2969818115234	
43379	6.78233003616333	80361	16.5831241607666	2952	48.98979568481445	94	49.66890335083008	1694	50.23942565917969	81949	50.33885192871094	76938	50.3686408996582	78563	50.70502853393555	57062	50.71488952636719	32755	50.73460388183594	28880	50.77400970458984	31095	50.98038864135742	58102	51.05878829956055	55970	51.06858062744141	77253	51.06858062744141	76162	51.07837295532227	69630	51.13706970214844	27209	51.4781494140625	741	51.49757385253906	94617	51.55579376220703	
49080	3.741657495498657	63588	9.848857879638672	38336	13.22875690460205	70465	17.0587215423584	35867	26.60826873779297	15006	40.14971923828125	45406	49.03060150146484	40045	87.22958374023438	86681	93.85094451904297	24656	99.44847869873047	7938	99.88993835449219	65451	100.3742980957031	11760	100.871208190918	4831	101.1385192871094	82158	103.735237121582	37486	103.9230499267578	22969	104.446159362793	31578	104.9237823486328	70666	104.9666595458984	19269	105.7827987670898	
85520	25.47547912597656	53202	86.30758666992188	87856	93.68564605712891	5148	94.75758361816406	5784	96.19251251220703	54663	96.27564239501953	45586	96.73675537109375	44953	97.07728576660156	44321	97.23168182373047	11938	97.64732360839844	34766	97.88768768310547	48054	98.83824920654297	66360	98.86354064941406	24292	98.93937683105469	40587	99.39818572998047	80988	99.67446899414062	32885	99.78476715087891	17943	100.2696380615234	74471	100.4639205932617	70	100.6329956054688	
4670	76.24958801269531	17480	97.03607940673828	75244	103.5036239624023	45772	113.1326675415039	611	113.3181381225586	72427	113.6485824584961	31574	113.7497253417969	57633	113.8815155029297	50281	113.9122467041016	30296	114.8085327148438	84194	114.9260635375977	8892	116.1421508789062	10737	116.2411270141602	26452	116.3314208984375	65739	116.417350769043	89201	116.5975952148438	19289	116.6276092529297	16920	116.85888671875	2015	117.4180603027344	54903	117.9067459106445	
35224	221.7295684814453	62144	226.8126983642578	17174	230.2650604248047	84787	230.2954559326172	79628	239.0481109619141	68064	241.5077667236328	4996	243.6165008544922	45383	245.1244506835938	40906	250.7289428710938	6192	258.4105224609375	6188	259.4571228027344	94495	261.3101501464844	57894	271.2803039550781	31597	272.6939697265625	14059	281.8066711425781	84342	286.6129760742188	3215	287.9045104980469	44522	292.4910278320312	80767	292.8822326660156	36533	296.1806945800781	
34641	135.1258697509766	65944	136.2057342529297	11405	149.7464599609375	70258	176.7314300537109	55070	179.6273956298828	11246	182.0466918945312	7414	183.7307739257812	20966	184.0027160644531	61718	184.4451141357422	34498	184.5562286376953	36863	185.364501953125	66920	185.5586090087891	79552	185.9166412353516	24805	186.6976165771484	82551	186.9572143554688	6810	188.1090087890625	27693	188.56298828125	69408	190.0210571289062	7690	190.2761077880859	27770	190.4940948486328	
84675	22.95648002624512	78815	29.79932975769043	46020	45.38722229003906	29546	68.11020660400391	55263	69.29646301269531	3892	70.19258880615234	3432	70.30647277832031	23462	70.88723754882812	10023	71.67984008789062	8110	72.11102294921875	10871	72.21495819091797	16649	72.26340484619141	39132	72.64295959472656	6329	73.10950469970703	8854	73.17103576660156	32476	73.30075073242188	72214	73.32803344726562	37048	73.47789001464844	86034	73.49149322509766	45760	73.49829864501953	
62414	25.27845001220703	56132	27.98213768005371	62440	160.0343780517578	36681	166.3099517822266	33184	166.3159637451172	1857	167.5589447021484	2886	167.9255828857422	69563	169.2099304199219	10032	169.3664703369141	70340	171.3417663574219	68325	171.7323455810547	88371	171.9970855712891	76126	173.2772369384766	57879	175.4080963134766	66041	175.7469787597656	14676	175.8522033691406	39874	176.5134582519531	18469	178.0280914306641	94246	178.392822265625	10694	178.7064666748047	
17985	44.63182830810547	29310	44.95553207397461	9102	46.41120529174805	2365	46.49731063842773	6675	46.64761352539062	12038	46.74398422241211	84719	46.85082626342773	82381	46.96807479858398	91628	47.06378555297852	59956	47.11687469482422	53682	47.25463104248047	77474	47.48683929443359	25303	47.64451599121094	50173	47.71792221069336	68492	47.85394287109375	57610	48.23898696899414	62944	48.29078674316406	62716	48.49742126464844	16191	48.61069869995117	23111	48.69291687011719	
22269	3.162277698516846	76927	3.162277698516846	75063	3.741657495498657	15757	4.242640495300293	81249	4.4721360206604	39793	4.690415859222412	77181	5.099019527435303	61152	12.4096736907959	45853	16.5227108001709	46071	17.0880069732666	49709	17.54992866516113	88785	17.54992866516113	58329	18.6279354095459	43260	19	91511	53.72150421142578	26407	54.03702545166016	73548	54.77225494384766	68363	55.79426574707031	77624	55.87485885620117	1448	55.99106979370117	
33422	38.07886505126953	25601	40.38563919067383	26225	44.64302825927734	42412	45.43126678466797	74043	46.33573150634766	44322	46.66904830932617	9267	46.75468063354492	188	46.8294792175293	84274	46.93612670898438	62852	47.79121398925781	28242	48.31148910522461	61280	49.21381759643555	76627	49.44694137573242	91618	49.50757598876953	83281	49.54795837402344	3511	49.598388671875	11903	49.61854553222656	39010	49.64876556396484	63552	50.15974426269531	72004	50.47771835327148	
87736	100.3842620849609	11347	158.7167358398438	73510	165.7709197998047	80976	166.3520355224609	72468	169.0680389404297	52048	169.1064758300781	41407	171.6158447265625	63943	171.9389495849609	28896	172.9537506103516	4193	173.9770050048828	59887	175.2569580078125	26406	175.4907379150391	62819	176.3632659912109	46795	178.0982818603516	54307	178.4936981201172	9490	179.1423950195312	12820	179.2651672363281	15382	179.5299377441406	15088	180.0777587890625	26289	180.54638671875	
67293	50.21951675415039	75712	53.68426132202148	19389	57.73213958740234	33757	69.75672149658203	14813	70.70360565185547	65228	70.83078765869141	60397	71.77743530273438	82968	72.20803070068359	14945	72.47758483886719	7505	72.52585601806641	32408	72.61542510986328	56195	72.72550964355469	56270	72.93147277832031	87063	72.93833160400391	78704	73.1915283203125	15087	73.21202087402344	42077	73.27346038818359	24616	73.62065124511719	69733	73.68852996826172	80639	73.78347015380859	
86236	28.35489463806152	6514	53.14131927490234	46874	71.09149169921875	57403	505.9654235839844	51880	514.3627319335938	18807	514.8446655273438	39859	516.7039794921875	40530	517.8590698242188	56562	518.5672607421875	4613	518.6193237304688	53142	518.7031860351562	82407	518.8265380859375	2903	519.824951171875	55583	520.1355590820312	87472	520.2249755859375	24501	520.6015625	34422	520.7216186523438	60025	520.9692993164062	65477	521.4364624023438	57613	521.6023559570312	
18040	41.55718994140625	9544	46.24932479858398	85536	82.15838623046875	12237	123.0243911743164	65847	143.9166412353516	6613	159.4020080566406	63982	165.0636291503906	1180	169.7615966796875	66267	174.6940155029297	15787	177.7132568359375	61325	181.8598327636719	82037	182.3622741699219	1782	183.6436767578125	73763	185.3510131835938	43422	186.4215698242188	83385	186.5583038330078	80368	187.4459991455078	29844	188.2206115722656	82210	188.7696990966797	28741	189.1057891845703	
13598	61.53860473632812	24444	69.3253173828125	10422	74.61233520507812	6312	76.88953399658203	41812	77.19455718994141	29093	77.22046661376953	65215	78.51114654541016	59555	78.80355072021484	11086	79.30321502685547	18032	79.60527801513672	15747	79.76841735839844	64337	79.8936767578125	30178	79.93122100830078	44160	79.98749542236328	70014	80.34923553466797	79882	80.47359466552734	23748	80.52949523925781	40701	80.62257385253906	1879	80.65978240966797	47086	80.69696044921875	
63239	8.831760406494141	69662	112.4366455078125	74523	112.7031478881836	84364	181.2870635986328	11361	196.8654327392578	71942	196.9822387695312	31049	222.4005432128906	73512	222.557861328125	62288	291.4000549316406	71821	294.8304748535156	16362	295.7684936523438	67582	302.7672424316406	31297	302.9059143066406	43266	312.1185607910156	35141	312.9872131347656	84778	313.5952758789062	7839	316.3684692382812	2475	317.9575500488281	24629	319.601318359375	59719	319.6560668945312	
42198	55.74047088623047	57117	56.45352172851562	6088	56.49778747558594	20747	56.81549072265625	69466	56.90342712402344	28624	57.51521682739258	66939	59.05929183959961	69873	59.60704803466797	37610	60.20797348022461	65202	62.2414665222168	15837	63.52952194213867	59255	64.015625	28890	64.69157409667969	36994	64.70703125	42089	64.73020935058594	17147	64.79197692871094	4705	64.79969024658203	14509	64.84597015380859	52706	64.9923095703125	70610	65.04613494873047	
63113	26.36285209655762	23085	80.44252777099609	81464	82.60750579833984	11033	83.63013458251953	77192	83.81526947021484	62097	84.49851989746094	74442	85.34049224853516	82405	85.95928955078125	15528	86.01744079589844	82776	86.48120880126953	86776	86.63717651367188	17383	86.83317565917969	81259	86.98850250244141	20490	87.64701843261719	80513	87.69834899902344	91891	87.96022033691406	47475	88.01704406738281	45978	88.47598266601562	5835	88.52118682861328	79486	88.62279510498047	
67808	46.56178665161133	85506	46.87216567993164	11060	47.26520919799805	86663	47.32863998413086	41047	47.71792221069336	72486	47.89572143554688	45514	48.01041412353516	71488	48.14561080932617	85484	48.20788192749023	50078	48.23898696899414	60532	48.83646011352539	72491	49.10193634033203	83386	49.22397613525391	55799	49.3254508972168	91695	49.48737335205078	91382	49.63869476318359	14726	49.71921157836914	35192	49.74937057495117	57132	49.76947021484375	27457	49.8297119140625	
58726	7.211102485656738	37790	7.681145668029785	39789	85.65628814697266	85078	88.73556518554688	49721	88.98876190185547	29548	89.24124908447266	14269	89.54328918457031	68970	101.1879425048828	6487	101.3262023925781	4836	101.3607406616211	16239	102.6498870849609	28393	102.6596298217773	55926	103.3053741455078	56807	103.4698028564453	74413	105.5130310058594	70021	105.5888214111328	87163	106.4142837524414	55487	106.5739212036133	52204	110.2088928222656	60511	110.9954986572266	
70474	87.54427337646484	39243	88.19863891601562	19283	89.06739044189453	24168	89.18520355224609	16357	89.45948791503906	74056	89.73294067382812	42931	89.82204437255859	30824	90.21640777587891	34688	90.27181243896484	29869	90.40464782714844	36046	90.48204040527344	66008	90.49861907958984	2635	90.59249114990234	64359	90.64215087890625	87745	90.75241088867188	79011	90.77995300292969	21861	90.81849670410156	88299	90.94503784179688	32050	91.054931640625	60915	91.08786773681641	
46145	52.44997787475586	45752	53.62834930419922	27210	55.65069580078125	32838	56.53317642211914	60092	57.86190414428711	44661	58.14636611938477	21247	61.05735015869141	1082	61.21274566650391	59855	62.98412322998047	76908	63.40346908569336	45595	66.58078002929688	56504	66.94026947021484	9646	68.02940368652344	45863	68.38859558105469	65920	68.71681213378906	78601	70.26378631591797	1097	71.19690704345703	24111	71.72865295410156	53036	72.82856750488281	84739	75.43209075927734	
91338	21.54065895080566	16218	52.60227966308594	62306	53.96295166015625	92989	55.226806640625	36289	55.31726837158203	26180	55.44366455078125	54454	55.73149871826172	74679	55.98213958740234	56801	56.23166275024414	85084	56.29387283325195	75897	56.32051086425781	68698	56.62155151367188	18514	56.92978286743164	61918	57.21014022827148	66933	57.23635101318359	43935	57.50652313232422	69502	57.75811767578125	84796	57.75811767578125	47552	57.85326385498047	90171	57.95687866210938	
72846	118.2455062866211	6854	122.4050674438477	8287	125.7338485717773	44137	126.0198364257812	81241	126.5069198608398	23372	127.1613159179688	72100	127.2242126464844	53930	127.7536697387695	51121	127.99609375	66208	128.1522521972656	90311	128.2731475830078	41467	128.4601135253906	20408	128.5534973144531	7941	128.6701202392578	46644	128.9844970703125	2340	129.2671661376953	20499	129.4604187011719	70226	129.5106201171875	86779	129.5144805908203	4451	129.6071014404297	
53957	59.48949432373047	84509	61.66035842895508	94676	62.35382843017578	91234	62.56996154785156	89577	63.08724212646484	80497	63.24555206298828	37595	63.41135406494141	58946	63.4271240234375	305	63.47440338134766	56839	63.70243453979492	30692	63.82006072998047	90164	63.8278923034668	51351	63.83572769165039	33410	64.05466461181641	19655	64.11708068847656	45076	64.17943572998047	55117	64.20280456542969	44358	64.36614227294922	5651	64.41273498535156	995	64.42825317382812	
29844	187.0721740722656	18040	187.3766326904297	74305	188.0930633544922	28224	189.7630157470703	10650	193.0362701416016	51437	194.5301971435547	37214	194.9538421630859	82279	197.3322143554688	27782	197.4158020019531	28741	197.5449371337891	87572	198.9472351074219	84366	199.3363952636719	8960	199.8349304199219	13411	200.1449432373047	30526	200.4494934082031	82150	200.5417633056641	93778	200.7535858154297	74077	200.9203796386719	9625	201.6407623291016	84215	201.8142700195312	
82103	108.9541168212891	26854	109.1833343505859	34659	109.210807800293	85070	109.247428894043	39825	109.3937835693359	9916	117.9576187133789	60850	118.9663848876953	34672	121.6346969604492	76224	121.868782043457	30066	124.9439849853516	28161	125.7815551757812	76426	126.641227722168	69792	127.9101257324219	87793	130.6254119873047	27621	130.7210845947266	8480	130.9274597167969	26179	131.6130676269531	41567	132.3895721435547	89294	132.3971252441406	76069	132.9360809326172	
60427	87.92041778564453	48346	114.7562637329102	5515	115.9784469604492	33524	116.3657989501953	29140	118.1778335571289	9974	118.4651870727539	86720	118.5326995849609	12112	118.6296768188477	44755	120.0749740600586	90583	120.6482467651367	87493	121.5853576660156	21898	123.4098892211914	46508	124.0725631713867	82094	124.4748992919922	50885	125.0719757080078	52177	125.4153137207031	93322	125.8729553222656	27660	126.4120254516602	51227	126.6017379760742	94647	126.6530685424805	
86058	9.797959327697754	40538	61.09009552001953	74770	74.7529296875	91647	77.71100616455078	57942	79.61155700683594	23744	79.87490081787109	82049	80.43009185791016	49082	80.46117401123047	72966	80.57915496826172	52240	81.01234436035156	94139	81.48005676269531	53189	81.99390411376953	60198	82.07923126220703	36364	82.31038665771484	69121	82.33468627929688	92683	82.70429229736328	435	82.74660491943359	45162	82.90355682373047	10605	83.04216003417969	30529	83.18653869628906	
21460	42.3320198059082	24813	42.86023712158203	66616	43.4281005859375	33554	43.79497528076172	23896	43.93176651000977	14963	44.22668838500977	63445	44.48595428466797	79563	44.53088760375977	44684	44.73254013061523	47746	44.76605987548828	4617	44.86647033691406	40313	45.06661605834961	10364	45.49725341796875	90466	45.63989639282227	83568	45.69463729858398	44218	45.81484603881836	67505	45.95650100708008	23117	45.96738052368164	6078	46.04345703125	94973	46.04345703125	
68106	43.39354705810547	70626	56.83308792114258	22843	61.45730209350586	28506	65.27633666992188	57623	65.77993774414062	23610	66.04544067382812	79947	66.57326507568359	2103	67.84541320800781	94171	68.69497680664062	38404	69.71369934082031	57324	71.20393371582031	57024	72.13182067871094	62752	72.20803070068359	87883	72.46378326416016	54119	74.75961303710938	47291	76.28237152099609	15169	77.76245880126953	37686	79.73706817626953	43625	80.01874542236328	81154	80.03749084472656	
78855	85.91856384277344	63631	86.01162719726562	1958	86.04650115966797	74940	86.15103149414062	13048	86.41758728027344	27078	86.49277496337891	58138	86.54478454589844	18242	86.56211853027344	55272	86.69486999511719	46320	86.70063781738281	66293	86.71793365478516	21843	86.77557373046875	23280	86.79861450195312	72995	86.82741546630859	31427	86.90224456787109	74692	87.00574493408203	66697	87.1148681640625	7047	87.16077423095703	21323	87.1722412109375	62333	87.21238708496094	
79697	167.7647094726562	36252	187.2485046386719	74521	192.4318084716797	12657	201.7919769287109	31297	203.8896789550781	47108	205.8591766357422	42179	206.5744476318359	75010	206.7704010009766	74726	209.0502319335938	49617	209.5399780273438	5198	209.62109375	59319	209.8475646972656	62709	210.1547088623047	22317	211.8584442138672	56571	211.9268798828125	21308	212.0660247802734	5639	213.1384582519531	91268	213.2650909423828	20246	213.5837097167969	9073	215.0860290527344	
21487	24.24871063232422	26789	44.69899368286133	77016	44.73254013061523	76566	48	57047	49.73931884765625	27996	52.15361785888672	6337	53.71219635009766	51224	54.51605224609375	76572	64.21059417724609	78424	64.49031066894531	11581	67.82330322265625	21924	68.57112884521484	59439	73.88504791259766	29782	74.24284362792969	79604	74.86654663085938	11130	76.06575775146484	43962	76.99350738525391	46240	79.83733367919922	50121	81.04319763183594	3626	81.76796722412109	
7516	64.17164611816406	63521	66.27216339111328	36883	67.3424072265625	4731	67.46109771728516	48589	67.94850921630859	14778	68.01470184326172	57858	68.04410552978516	49473	68.08818054199219	77814	68.13222503662109	79950	68.35202789306641	68671	68.40321350097656	18682	68.43244934082031	5802	68.54196166992188	59259	69.1158447265625	63618	69.1158447265625	14191	69.12307739257812	39588	69.28924560546875	59068	69.42621612548828	28042	69.44782257080078	51556	69.61322021484375	
47487	9.380831718444824	72432	91.47130584716797	93649	92.53107452392578	93985	92.78469848632812	19278	93.12357330322266	89172	93.66963195800781	6796	93.87757873535156	78426	94.32391357421875	66846	94.32920837402344	85861	94.84197235107422	67753	95.92705535888672	7845	95.97916412353516	31769	96.04686737060547	40095	96.06768798828125	89298	96.09370422363281	43203	96.27564239501953	71144	96.40020751953125	41210	96.53496551513672	63183	96.66954040527344	93294	96.67988586425781	
56012	47.95831680297852	44684	48.39421463012695	38733	49.06118774414062	87923	49.23413467407227	81583	49.71921157836914	76096	49.80963897705078	90466	50.07993698120117	44725	50.3189811706543	9212	50.45790481567383	86693	50.685302734375	49907	50.69516754150391	7910	50.73460388183594	31211	50.82322311401367	18001	50.89204406738281	88009	50.89204406738281	72436	50.93132781982422	13880	51.14684677124023	21367	51.17616653442383	61321	51.25426864624023	13169	51.35172653198242	
84105	176.5417785644531	86279	181.4827880859375	46290	182.6389923095703	33137	183.7715911865234	50274	186.7618865966797	33755	186.9277954101562	74372	188.4728088378906	43600	189.0925750732422	11809	189.3779296875	66005	189.8999786376953	22747	190.2366943359375	37809	190.4442138671875	31995	191.8879852294922	39734	192.5512847900391	40178	192.6006164550781	76604	192.686279296875	62655	193.3856201171875	67782	193.7988586425781	91090	193.9561767578125	2744	194.0128936767578	
36027	58.12916564941406	4002	59.39696884155273	55747	59.92495346069336	72163	60.81118392944336	75596	60.99180221557617	70636	61.13100814819336	58647	61.19640350341797	70861	61.32699203491211	53478	61.45730209350586	38388	61.50609588623047	23334	61.54673004150391	13880	61.63602828979492	66241	61.6846809387207	31017	61.72519683837891	5913	61.91122817993164	54601	61.93545150756836	60689	61.94352340698242	58248	61.99193572998047	70334	62.00806427001953	12902	62.02418899536133	
77527	21.49418449401855	78574	40.12480545043945	77463	57.41080093383789	49832	58.54058456420898	17556	58.63446044921875	84249	59.46427536010742	59767	60.57226943969727	93618	61.65225219726562	83861	61.78996658325195	56791	61.82232666015625	74329	61.8385009765625	40928	62.01612854003906	57035	62.24949645996094	58976	62.30569839477539	32713	62.32976913452148	26653	62.64982223510742	58018	62.65780258178711	74056	63	54881	63.0079345703125	43792	63.55312728881836	
89810	35.08560943603516	13829	54.98181533813477	46006	55.0181770324707	65241	57.72348022460938	40642	58.86425018310547	67279	58.90670776367188	92176	64.75337982177734	93329	66.15134429931641	7155	66.69332885742188	5915	66.75328063964844	88093	67.04476165771484	59992	67.74954223632812	39581	67.9705810546875	40268	68.24954223632812	8880	68.40321350097656	49712	68.89847564697266	62417	69.13031005859375	1989	69.51258850097656	90056	69.98571014404297	40784	70.08566284179688	
60295	151.6838836669922	92108	151.7234344482422	19930	152.0756378173828	8838	152.29248046875	47680	152.3581237792969	64063	153.2807922363281	959	154.5639038085938	64123	154.567138671875	36177	154.5897827148438	14203	154.6479949951172	1668	154.754638671875	70622	155.4606018066406	26186	158.2845611572266	7219	158.4960632324219	73763	158.8867492675781	1079	158.946533203125	45459	158.9559631347656	91077	159.6057586669922	77825	160.5023345947266	18933	160.9534149169922	
51677	43.39354705810547	43813	44.94440841674805	48561	45.57411575317383	6256	46.57252502441406	81878	47.33920288085938	26767	49.09175109863281	57546	49.72926712036133	72087	49.81967544555664	71875	50.91168975830078	15172	51.33225250244141	52356	51.36146545410156	20417	52.55473327636719	47178	52.66877746582031	43591	53.1977424621582	9124	53.37602615356445	67720	53.44155502319336	42444	53.52569580078125	19986	53.77731704711914	33523	53.89805221557617	2178	53.97221374511719	
84590	41.19466018676758	43144	41.73727416992188	16610	43.38202285766602	93221	43.92038345336914	20039	43.95452117919922	94689	45.0444221496582	83585	45.08880233764648	67567	45.28796768188477	56946	45.31004333496094	74485	45.35416030883789	83984	45.43126678466797	66375	45.47526931762695	56133	45.55216979980469	31464	45.58508682250977	19326	45.62893676757812	62272	45.66180038452148	88712	45.7055778503418	70976	45.96738052368164	10532	45.97825622558594	9861	46.03259658813477	
48105	47.82258987426758	23712	48.50773239135742	41943	49.53786468505859	47613	49.68903350830078	3471	49.93996429443359	38876	50.28916549682617	8362	50.61620330810547	21576	50.74445724487305	39175	51.41011428833008	29582	51.43928527832031	85576	52.21110916137695	89050	52.52618408203125	36981	53.09425735473633	62959	53.09425735473633	6402	53.11308670043945	41024	53.82378768920898	60271	54.3231086730957	8816	54.51605224609375	57985	54.60769271850586	80051	54.82699966430664	
77287	78.90500640869141	15385	81.42481231689453	25296	83.42661285400391	49400	86.34233856201172	56496	88.22698211669922	78554	93.68030548095703	70966	95.22604370117188	36434	96.05727386474609	10028	98.94948577880859	37596	100.8464202880859	19605	102.1567459106445	32013	102.4597473144531	33675	102.9951477050781	71677	104.3886947631836	2840	105.0666427612305	89634	106.099006652832	7433	108.3235855102539	23566	109.8498992919922	78311	113.0398178100586	91487	114.2584762573242	
38111	13.22875690460205	47746	49.84977340698242	11752	50.23942565917969	54236	50.35871505737305	94973	50.66556930541992	19391	51.61395263671875	88067	51.96152496337891	17104	52.42137145996094	59889	52.45950698852539	52058	52.49761962890625	59062	52.57375717163086	19669	52.60227966308594	89083	52.71622085571289	38802	52.75414657592773	67200	52.75414657592773	4708	52.81098556518555	38791	52.86775970458984	73525	52.93392181396484	46915	52.96224975585938	52826	52.98112869262695	
25839	9.055385589599609	50655	12	12215	61.22907638549805	87791	62.18520736694336	71222	63.22974014282227	25442	63.46652603149414	50078	63.52164840698242	31663	63.59245300292969	32294	64.11708068847656	73535	64.17164611816406	14594	64.20280456542969	63601	64.38167572021484	3952	64.52131652832031	81310	64.5445556640625	63380	64.73793029785156	68815	64.79969024658203	69282	64.85368347167969	85406	65.0076904296875	34193	65.10760498046875	27574	65.14598846435547	
68378	49.06118774414062	87043	49.08156585693359	89223	49.79959869384766	2304	50.78385543823242	47684	51.61395263671875	50362	51.94227600097656	34169	52.15361785888672	89190	52.23025894165039	34972	52.45950698852539	53172	52.88667297363281	40425	52.96224975585938	17801	53.1883430480957	52856	53.21653747558594	80600	53.26349639892578	75853	53.32916641235352	43692	53.57238006591797	90001	53.87949371337891	56985	53.90732955932617	27567	53.96295166015625	8581	53.99074172973633	
66388	31.8433666229248	47658	212.4900054931641	92668	240.1582794189453	36519	257.3149719238281	25525	260.2786865234375	85044	268.7880249023438	40841	277.9676208496094	26197	278.2912292480469	45867	282.4004211425781	26409	291.3056945800781	37045	292.2276611328125	34076	295.5655517578125	48325	296.3410339355469	65369	299.6181030273438	56675	300.1582946777344	10783	300.3081665039062	75859	301.5858154296875	53959	302.8530883789062	30630	316.1708374023438	35233	316.2925720214844	
49948	63.015869140625	45565	64.28841400146484	60357	64.62971496582031	73375	64.66838836669922	76229	65.0230712890625	62688	65.37583923339844	55175	65.93178558349609	50380	65.94694519042969	79426	66.20423126220703	31563	66.3551025390625	46966	66.71581268310547	61336	66.72331237792969	36080	66.97760772705078	92833	67.34983062744141	25084	67.38694000244141	33668	67.41661834716797	72414	67.42403411865234	94770	67.48332977294922	37338	67.52777099609375	68658	67.56478118896484	
20572	20.73644065856934	1467	31.17691421508789	81745	42.98836898803711	3851	49.55804824829102	88374	67.26811981201172	60001	67.35725402832031	27611	69.97142028808594	16037	72.10408782958984	34796	75.88148498535156	71500	76.42643737792969	28918	76.90253448486328	73335	76.99350738525391	27855	77.00649261474609	62460	77.05193328857422	12190	77.37570953369141	61216	77.42738342285156	90909	77.64019775390625	82796	77.83315277099609	50562	78.20485687255859	74461	78.23043060302734	
29016	10.44030666351318	24291	12.7279224395752	87831	14.35270023345947	84	14.86606884002686	20076	98.88882446289062	18	98.92926788330078	18931	100.4340591430664	13568	104.7138977050781	15952	108.143424987793	32672	108.4297027587891	55271	108.4942398071289	33204	109.5216903686523	60779	109.6266403198242	80611	109.859001159668	76425	110.127197265625	38855	110.1589736938477	32567	110.2769241333008	24603	110.2950592041016	52118	110.5441055297852	40288	111.0990524291992	
18906	41.47288131713867	30562	54.68089294433594	71605	59.84981155395508	78375	60.20797348022461	75453	62.69768905639648	81073	63.15061187744141	75287	63.20601272583008	8605	63.21392440795898	31015	63.37191772460938	71422	63.37980651855469	33343	63.60031509399414	38053	63.63175201416016	20985	63.88270568847656	13386	64.05466461181641	25303	64.06246948242188	43548	64.07807922363281	94122	64.11708068847656	53929	64.1248779296875	2679	64.32728576660156	93437	64.637451171875	
27436	36.30426788330078	7167	55.51576232910156	55498	56.35601043701172	11213	56.52433013916016	52148	57.15767669677734	10120	58.47221374511719	4632	58.56620025634766	31390	58.71967315673828	61602	59.11852645874023	85947	59.22837066650391	41834	59.36328887939453	58339	59.5315055847168	71424	59.60704803466797	60556	59.64897155761719	79744	59.64897155761719	56057	59.81638717651367	90091	59.8581657409668	34529	60.14981460571289	31180	60.16643524169922	84445	60.16643524169922	
61632	62.48999786376953	21745	62.54598236083984	29407	63.51377868652344	73698	63.68673324584961	3952	63.73382186889648	43643	63.73382186889648	34193	64.06246948242188	40032	64.14047241210938	88438	64.25729370117188	68640	64.33506011962891	78850	64.38167572021484	12215	64.49806213378906	66493	64.65291595458984	36945	64.69157409667969	42359	64.79969024658203	51413	65.25334930419922	70886	65.25334930419922	13402	65.30696868896484	48117	65.63535308837891	12354	65.82552337646484	
73649	11.22497177124023	52256	73.41661834716797	13451	73.60027313232422	49996	75.40557098388672	20973	77.24636077880859	54006	77.24636077880859	8579	78.05126190185547	28243	78.05126190185547	19660	78.11530303955078	92871	78.51114654541016	33263	78.54298400878906	92291	78.75277709960938	88782	79.01898193359375	90220	79.08223724365234	42838	79.12016296386719	58605	79.27168273925781	29226	79.39773559570312	37476	79.46068572998047	21921	79.49842834472656	87080	79.51100921630859	
65659	24.87971115112305	19855	69.69935607910156	22559	70.95773315429688	26178	71.58212280273438	92298	71.67984008789062	87712	71.97916412353516	38752	72.86288452148438	71227	73.29393005371094	78545	73.36211395263672	11709	74.22264099121094	18537	74.34379577636719	29482	74.41773986816406	44634	74.43117523193359	25420	74.63243103027344	30123	74.65252685546875	51390	74.84651184082031	5901	74.86654663085938	25583	74.94664764404297	48050	74.97332763671875	25084	75.0799560546875	
49309	17.86057090759277	8247	34.51086807250977	86152	59.66573715209961	59486	60.36555480957031	18734	60.38211822509766	80201	60.74536895751953	60357	62.09669876098633	6723	62.18520736694336	61336	62.3939094543457	50162	62.48999786376953	73288	62.7694206237793	40554	62.92058563232422	79911	63.11101150512695	10087	63.1347770690918	48649	63.14269638061523	75527	63.18227767944336	83163	63.37191772460938	13828	63.49803161621094	89319	63.60817718505859	36042	63.62389373779297	
15472	61.30252838134766	8894	62.98412322998047	28331	65.65058898925781	43623	66.63332366943359	88369	66.70832061767578	90691	67.05221557617188	43249	67.11929321289062	82550	67.28298187255859	49630	67.52777099609375	31419	67.62396240234375	83030	68.00735473632812	48852	68.16157531738281	92530	68.18357849121094	72898	68.23488616943359	47356	68.33739471435547	85746	68.43244934082031	83928	68.56383514404297	62483	68.57842254638672	9224	68.93475341796875	31243	69.00724792480469	
80015	15.74801540374756	38882	29.61418533325195	43088	42.24925994873047	10550	51.73006820678711	43419	52.70673751831055	56199	52.98112869262695	22170	54.68089294433594	76234	55.12712478637695	42685	55.13619613647461	92529	55.4797248840332	44476	55.5247688293457	30333	55.53377532958984	4309	55.90169906616211	18527	55.90169906616211	74080	56.16048431396484	6675	56.3116340637207	3968	56.86826705932617	85735	57.12267684936523	25632	57.34108352661133	12224	57.39337921142578	
90420	42.11888122558594	574	42.3320198059082	27433	42.60281753540039	86663	42.62628173828125	92045	42.63801193237305	79541	42.96510314941406	43742	42.98836898803711	9001	43.10452270507812	47588	43.12771606445312	9842	43.34743499755859	6651	43.48563003540039	53837	43.84062194824219	44423	43.90899658203125	41956	44.04542922973633	67030	44.22668838500977	46807	44.24929428100586	83295	44.29446792602539	34976	44.31703948974609	14477	44.39594650268555	57724	44.40720748901367	
84334	45.28796768188477	5003	45.42026138305664	90417	45.76024627685547	83082	46.08687591552734	43197	46.09772109985352	4375	46.28174591064453	34186	46.31414413452148	57941	46.64761352539062	53996	46.92547225952148	494	46.95742797851562	63445	47.05316162109375	74621	47.11687469482422	14963	47.16990661621094	85132	47.19110107421875	90531	47.3075065612793	87897	47.32863998413086	363	47.33920288085938	54453	47.50789260864258	66761	47.52893829345703	8348	47.59201431274414	
29259	22.44994354248047	56430	28.86174011230469	83779	29.56349182128906	30082	33.30165100097656	43025	33.80828475952148	22313	35.35533905029297	58114	35.98610687255859	28415	37.38983917236328	78585	37.57658767700195	51308	37.89459228515625	16857	37.92097091674805	25876	38.34057998657227	17111	42.97673797607422	40701	44.38468170166016	52644	44.41846466064453	31988	44.83302307128906	89705	45.82575607299805	16707	45.88027954101562	73780	45.89117431640625	20370	46.03259658813477	
53996	43.55456161499023	64665	44.36214447021484	91984	45.17742919921875	44641	45.76024627685547	76352	45.89117431640625	43397	46.07602310180664	90139	46.60472106933594	45630	46.78675079345703	19576	46.95742797851562	55345	47.04253387451172	60967	47.14870071411133	12617	47.37087631225586	10302	47.41307830810547	21748	47.45524215698242	24980	47.47631072998047	9159	47.6235237121582	26366	47.65501022338867	53907	47.66550064086914	50466	47.68647766113281	42462	47.74934387207031	
73215	67.88224792480469	81960	68.56383514404297	31006	68.93475341796875	87623	69.52696990966797	49966	69.85699462890625	70547	70.00714111328125	51385	70.27802276611328	29063	70.50531768798828	89861	70.88723754882812	40687	71.21797180175781	65626	71.86793518066406	30359	72.22187805175781	63137	72.31874084472656	3877	72.37403106689453	91741	72.51206970214844	82444	72.70487976074219	91137	72.76675415039062	84525	72.97944641113281	40341	73.03424072265625	86895	73.06161499023438	
39608	11.91637516021729	87874	12.64911079406738	82650	13.07669639587402	13458	13.19090557098389	33488	13.19090557098389	18785	13.22875690460205	28743	13.30413436889648	34977	13.41640758514404	43133	13.45362377166748	68062	13.52774906158447	8442	13.56466007232666	74751	13.7113094329834	89538	13.7113094329834	11322	13.78404903411865	78036	13.78404903411865	54306	13.82027530670166	79828	13.82027530670166	59929	13.85640621185303	88327	13.85640621185303	92669	13.89244365692139	
90121	30.06659317016602	74941	30.67572402954102	19647	31.16087341308594	33425	31.33687973022461	93524	31.33687973022461	68435	32	63003	32.14031600952148	36359	32.71085357666016	74763	34	7092	34.08811950683594	47634	34.08811950683594	93393	35.22782897949219	6314	35.31288528442383	90074	35.34119415283203	16709	36.60601043701172	36111	36.81032562255859	924	36.82390594482422	5341	37.54996490478516	2845	38.66522979736328	57023	38.75564575195312	
41402	28.63564300537109	73868	91.52595520019531	2868	91.94563293457031	45968	92.56889343261719	53124	92.6552734375	33477	92.70922088623047	82902	92.90317535400391	78688	92.94084167480469	29226	93.05912017822266	60840	93.48796844482422	52256	94.80506134033203	31269	95.25754547119141	76934	95.27329254150391	9730	95.27854156494141	78089	95.44107818603516	23085	95.45156097412109	35170	95.47774505615234	5537	95.68698883056641	32561	95.74967193603516	5741	95.85405731201172	
89848	242.3448028564453	83750	288.0138854980469	6668	295.1762084960938	88555	296.1773071289062	48800	300.5910949707031	55997	307.3873901367188	59511	308.4671630859375	87377	314.78564453125	38066	315.4203491210938	79161	318.0880432128906	18394	320.3123474121094	55488	321.0233764648438	62452	324.2159729003906	48509	324.4934387207031	49325	324.8861389160156	26988	325.2644958496094	19459	326.2039184570312	91162	327.4919738769531	70844	327.5744323730469	61527	337.3899841308594	
38834	95.93747711181641	16489	99.25220489501953	55835	118.5495681762695	43002	147.6346893310547	73815	148.3576812744141	79233	148.75146484375	14662	152.4991760253906	64756	153.5447845458984	91204	154.5994873046875	26458	156.0096130371094	71306	158.5938262939453	90069	160.2685241699219	70407	161.5487518310547	15589	169.333984375	68060	169.7232971191406	15232	170.0529327392578	5824	171.7702026367188	69710	173.3609008789062	63517	180.6211547851562	4191	183.6627349853516	
91871	183.5102233886719	77090	220.9615325927734	14905	229.7716217041016	34704	235.8537750244141	22391	242.3592376708984	64659	244.3235626220703	467	244.6875610351562	5219	245.2182769775391	80022	266.9213256835938	33186	268.3635559082031	84021	268.6670837402344	36431	268.9776916503906	17707	275.1472473144531	29888	275.5140686035156	45327	276.7562255859375	91953	279.66943359375	44891	281.4871215820312	91879	283.9507141113281	73816	285.4925537109375	61653	285.8268737792969	
7565	57.84461975097656	61160	59.01694488525391	52270	61.01639175415039	37831	61.25357055664062	31252	61.6846809387207	80046	62.86493301391602	65354	63.09516525268555	83757	63.74166488647461	84657	63.8748779296875	72565	64.0078125	18103	64.11708068847656	37585	64.11708068847656	18924	65.42935180664062	86741	65.53624725341797	84082	65.65058898925781	8105	65.77993774414062	22803	65.77993774414062	47397	65.98484802246094	61033	66.09084320068359	10595	66.32495880126953	
20685	36.33180236816406	74972	38.66522979736328	71339	66.65583038330078	58188	67.42403411865234	65604	69.47661590576172	20711	69.56291961669922	49348	69.62757873535156	79632	69.69217681884766	62627	69.74238586425781	31018	70.14271545410156	44296	70.22107696533203	55155	70.40596771240234	89188	70.51241302490234	39568	70.57620239257812	77548	70.73896026611328	85295	70.87312316894531	91381	70.97886657714844	55491	71.00704193115234	5578	71.09149169921875	21790	71.21095275878906	
67039	4	35444	4.898979663848877	68976	4.898979663848877	79190	5.099019527435303	27844	5.656854152679443	29587	5.656854152679443	92069	6.082762718200684	48333	6.855654716491699	10685	7.416198253631592	23538	7.416198253631592	28373	7.416198253631592	36876	7.416198253631592	46356	7.416198253631592	64723	7.416198253631592	83881	7.416198253631592	89888	7.416198253631592	92720	7.416198253631592	68656	7.549834251403809	27401	7.61577320098877	11759	7.681145668029785	
50389	28.79236030578613	10532	50.91168975830078	7033	52.57375717163086	27605	52.73518753051758	37711	52.94336700439453	12659	53.37602615356445	83984	53.44155502319336	43318	53.54437255859375	73779	53.62834930419922	19598	53.66563034057617	51960	53.84236145019531	92798	53.86093139648438	16965	54.26785278320312	69113	54.47935485839844	18442	54.7357292175293	6683	54.79963684082031	64292	54.82699966430664	45983	55.0635986328125	82486	55.07267761230469	75697	55.1815185546875	
