200 20
566537	9.785359382629395	883898	10.28904247283936	895470	10.76989650726318	131921	10.77490234375	217962	10.7779016494751	539812	10.87435436248779	179972	10.953537940979	22743	10.95587730407715	671736	10.96660614013672	166662	11.10764598846436	629898	11.14807891845703	633604	11.15475177764893	750283	11.18539810180664	528692	11.21786499023438	173646	11.23134708404541	6649	11.25519943237305	971943	11.25860118865967	144865	11.30706596374512	132275	11.31720733642578	920853	11.32240676879883	
605468	9.494559288024902	973791	9.630636215209961	55224	9.641574859619141	696706	9.702338218688965	742382	9.717549324035645	44302	9.834813117980957	523093	9.844246864318848	322460	9.923663139343262	341207	9.963583946228027	211096	9.965239524841309	196973	9.986763000488281	340272	10.01905632019043	311465	10.04109764099121	281271	10.07484245300293	57091	10.1146936416626	503257	10.12444686889648	930089	10.15544319152832	599333	10.17665195465088	813485	10.18438339233398	547147	10.21033382415771	
378043	25.3824462890625	356018	25.87651634216309	720619	26.74816703796387	564227	27.00881004333496	225435	27.08078384399414	884127	27.08450508117676	626770	27.28521537780762	452457	27.34024238586426	188047	27.36444854736328	808391	27.47844123840332	316840	27.9883861541748	111960	27.9918384552002	326239	27.99185943603516	502393	28.1806640625	164449	28.21057319641113	834381	28.24951362609863	477743	28.28262519836426	709638	28.37590789794922	61455	28.37966537475586	731683	28.57054710388184	
741077	17.22200584411621	216167	18.15994453430176	3160	18.17364692687988	836434	18.57337760925293	30563	18.78583908081055	410116	18.96725463867188	776584	18.98968696594238	250481	19.15806198120117	261301	19.17708015441895	695893	19.26371383666992	107702	19.30223655700684	727956	19.46394348144531	165664	19.46414566040039	585083	19.48914909362793	679751	19.58219909667969	642784	19.58538627624512	239561	19.60331344604492	947178	19.62125778198242	128861	19.62739944458008	39541	19.6777229309082	
450252	31.0936279296875	616449	34.05647659301758	332582	34.55956649780273	843482	36.10014343261719	15656	36.18539810180664	805771	36.68840408325195	818722	37.29145050048828	439820	37.77275466918945	764896	38.15315628051758	719210	38.16544342041016	495202	38.28927993774414	812168	38.50017929077148	636816	38.99968719482422	434393	39.53900146484375	333732	39.59282684326172	286101	39.6810188293457	942713	39.71985244750977	870072	39.78396987915039	211942	39.86415481567383	309361	39.94976425170898	
263495	7.441960334777832	498261	7.444827079772949	227442	7.484758377075195	533410	7.516642570495605	675566	7.560982227325439	530330	7.564201354980469	395597	7.608481407165527	798433	7.647634506225586	308401	7.659880638122559	896944	7.671611309051514	380443	7.676551818847656	244308	7.687469959259033	45620	7.690637111663818	148617	7.701860904693604	184456	7.735589027404785	443654	7.746774196624756	471457	7.753661155700684	331721	7.790274620056152	52800	7.819215774536133	982860	7.820883750915527	
684921	18.33402442932129	285284	21.20053291320801	467511	21.21784210205078	545638	21.52103996276855	871309	21.60987091064453	770716	21.75121879577637	472393	21.75609016418457	85202	21.89369964599609	721650	22.08800506591797	240814	22.18853759765625	99623	22.24555969238281	71502	22.31671142578125	870765	22.39086151123047	794214	22.53787040710449	60675	22.57463073730469	69198	22.66365623474121	918776	22.68466758728027	848354	22.73770713806152	852826	22.79485130310059	605652	22.830078125	
416089	16.71293067932129	343010	17.08549690246582	289023	17.1319637298584	735330	17.23176956176758	382970	17.24147605895996	527411	17.97346687316895	620919	18.02048110961914	476756	18.11064147949219	128200	18.31486511230469	656567	18.33073616027832	157832	18.37862014770508	56064	18.46830940246582	562220	18.5421085357666	487330	18.54968643188477	213517	18.55713844299316	134330	18.59249305725098	417093	18.5943660736084	380662	18.63383865356445	848167	18.64461708068848	683041	18.6564826965332	
49625	36.9979133605957	624282	37.86565399169922	286454	38.87000274658203	123392	38.9218864440918	688251	39.38961410522461	831593	40.66902923583984	628567	40.7873420715332	887129	40.95661926269531	732437	41.20144653320312	969347	41.29163360595703	583271	41.31398010253906	789751	41.31695556640625	802131	41.57656860351562	653109	41.61282730102539	452846	41.86425018310547	663252	42.09409332275391	858660	42.31587600708008	28183	42.33031845092773	886384	42.40610885620117	10863	42.47562789916992	
991900	25.4923210144043	953309	27.19611167907715	150751	27.50341796875	678135	27.65625762939453	877578	27.7523021697998	649799	28.13107490539551	483364	28.50510787963867	865860	28.57537651062012	362320	28.61460304260254	486939	29.1849536895752	624541	29.39287757873535	279166	29.42856788635254	256035	29.45305633544922	306301	29.5391845703125	607535	29.8162727355957	427607	29.90429878234863	731911	30.06207466125488	515446	30.0907154083252	259811	30.09256744384766	695070	30.09663009643555	
203368	19.6983470916748	830710	20.82282257080078	640532	21.4637508392334	335731	21.83492660522461	723772	22.21560668945312	960573	22.36283493041992	554419	22.37177276611328	739965	22.41439819335938	253876	22.50594329833984	604847	22.50931549072266	882002	22.60504341125488	35743	22.60800743103027	384912	22.6677131652832	951416	22.72205924987793	100659	22.86165046691895	528959	22.91228485107422	17725	22.92641639709473	375115	23.1596622467041	616559	23.16843223571777	627140	23.18984413146973	
686068	18.34981155395508	451899	19.61969566345215	471974	19.77254295349121	890876	19.94926643371582	207868	20.22262954711914	374355	20.29508018493652	356785	20.51379585266113	355646	20.95511436462402	762893	21.15236854553223	782128	21.23618698120117	651410	21.33500480651855	572889	21.50800132751465	891741	21.60548400878906	843225	21.60887908935547	166088	21.61301612854004	390169	21.61747741699219	581600	21.78398895263672	807992	21.81539344787598	411537	21.84421730041504	680463	21.85720062255859	
397285	20.76006698608398	114741	22.73929595947266	277851	23.03108215332031	531529	23.18815612792969	277475	24.18441200256348	512118	24.42126846313477	429231	24.51605033874512	264071	24.54101753234863	278772	24.54698944091797	329435	24.63736343383789	871032	24.68156433105469	852501	24.69728660583496	860277	24.73580741882324	377432	24.96872901916504	252987	24.99196243286133	893289	25.18258094787598	794793	25.53350830078125	616742	25.62559700012207	988006	25.62832069396973	107577	25.77068138122559	
751422	11.01496124267578	172284	11.10681343078613	621659	11.48961544036865	214526	11.51702117919922	289548	11.6320161819458	175890	11.63328170776367	958864	11.63616275787354	150327	11.67692947387695	53717	11.7166576385498	107665	11.79392051696777	765568	11.80917930603027	645615	11.81772994995117	486731	11.83794689178467	869846	11.83968448638916	437359	11.85320663452148	767531	11.86417865753174	681294	11.98829746246338	959759	11.98977756500244	476432	12.00059413909912	348561	12.03961277008057	
975326	12.03399276733398	149150	12.42393684387207	846334	12.51884746551514	829391	12.76691055297852	531951	12.96837902069092	45888	12.97644805908203	816228	12.97904300689697	72596	13.05398941040039	538684	13.06054878234863	310125	13.15555667877197	323916	13.2297420501709	40859	13.28695774078369	618789	13.32186412811279	616878	13.36255264282227	970254	13.38462734222412	539022	13.40285587310791	967833	13.43488883972168	660888	13.43688488006592	54034	13.44561195373535	226218	13.47590065002441	
92561	16.7835578918457	898643	18.20725059509277	682394	18.23557662963867	743322	18.34805488586426	909789	18.4027271270752	93921	18.49248123168945	362808	18.60987281799316	909631	18.75468635559082	586968	18.77570915222168	533130	18.85404586791992	270030	18.92063140869141	597134	19.06718635559082	10986	19.14485549926758	45853	19.14743804931641	882460	19.14901351928711	122116	19.17038154602051	914952	19.17605972290039	674892	19.28175163269043	919369	19.29039192199707	419273	19.30620002746582	
139680	30.3445873260498	644037	31.04023361206055	190090	31.10417938232422	964659	31.94367408752441	895671	32.42230606079102	218516	32.71499252319336	152267	33.30829620361328	502447	33.79595947265625	337604	33.91205215454102	164867	34.04236602783203	469336	34.59739685058594	321475	34.625244140625	859617	34.72876358032227	100277	34.9781494140625	687835	35.0467529296875	952819	35.09190368652344	107242	35.19865798950195	977672	35.27587890625	309375	35.32122421264648	124750	35.38966369628906	
549116	24.73042106628418	458189	24.81085968017578	932671	24.96423149108887	63791	24.97021675109863	725481	25.55280113220215	746314	25.61851692199707	909370	25.74361801147461	319177	25.90942573547363	717191	25.9409351348877	668183	26.00978088378906	244942	26.02851295471191	505912	26.03969955444336	883808	26.05605506896973	105066	26.11617469787598	588694	26.21991539001465	533413	26.43631362915039	801608	26.46134567260742	118326	26.462890625	240534	26.47297668457031	489696	26.48407173156738	
826986	17.07377243041992	70487	17.08205604553223	13849	17.22198295593262	965376	17.59891128540039	79495	17.70829582214355	781249	17.730224609375	510001	17.76891326904297	730229	17.87149047851562	344980	17.9300651550293	397901	17.94130516052246	537873	17.95729637145996	947640	18.0337085723877	661808	18.07060050964355	812637	18.1243782043457	137938	18.23014068603516	568651	18.28730392456055	186487	18.29175758361816	811732	18.2919864654541	915700	18.32377052307129	438845	18.32574653625488	
111027	9.903885841369629	176601	9.903969764709473	268763	10.0580883026123	258578	10.2292308807373	889568	10.302809715271	896385	10.34678363800049	507642	10.3529167175293	559313	10.44057655334473	455483	10.45703887939453	41749	10.47975158691406	23784	10.49091815948486	679085	10.49899005889893	180251	10.56411552429199	83650	10.59519958496094	46579	10.61314868927002	392816	10.6184606552124	380048	10.62736511230469	451255	10.62948703765869	549581	10.65154457092285	147816	10.66394710540771	
889028	14.34090709686279	109559	14.92497444152832	424730	15.11597156524658	573127	15.28574180603027	580881	15.51642608642578	8954	16.21723556518555	874818	16.21728515625	28511	16.2626895904541	650599	16.37074851989746	980121	16.45245170593262	490309	16.50680923461914	781051	16.52594184875488	87148	16.54308700561523	280542	16.56921768188477	202828	16.57501792907715	763252	16.59783363342285	548836	16.69206237792969	553037	16.70467948913574	949152	16.70724678039551	722698	16.72321510314941	
665070	14.76054382324219	524278	14.81264019012451	675797	14.92115497589111	425354	14.94534301757812	841182	14.97197723388672	976124	15.0351448059082	644408	15.31190776824951	144526	15.4305591583252	402168	15.45434188842773	941698	15.54836082458496	673163	15.55391693115234	613599	15.58497333526611	103648	15.6192798614502	198355	15.65249061584473	460002	15.7345495223999	3753	15.76597118377686	599298	15.79117202758789	585388	15.89767456054688	153580	15.93759346008301	831053	15.93857955932617	
222775	13.13598251342773	990685	13.42601680755615	13122	13.91617393493652	328135	13.97980308532715	417708	14.02960395812988	458423	14.03184795379639	91559	14.03981590270996	337158	14.41907596588135	868840	14.48282909393311	450753	14.49614334106445	220201	14.72671699523926	504130	14.77846240997314	208775	14.86983680725098	379670	14.88560199737549	760539	14.89938163757324	438716	14.90627288818359	774846	14.92319679260254	667367	14.93928337097168	71	14.94781970977783	35826	15.01770210266113	
210508	11.50127601623535	33403	12.05361175537109	611975	12.11429309844971	688528	12.27694511413574	873671	12.28838062286377	315246	12.30062770843506	471556	12.39346599578857	485972	12.50308132171631	324824	12.54268264770508	16737	12.55104637145996	827368	12.55230808258057	787429	12.5770845413208	866714	12.58360576629639	267964	12.60794734954834	543502	12.62315082550049	835650	12.62715721130371	372248	12.62756633758545	175661	12.73129749298096	235908	12.74475002288818	202171	12.75841808319092	
32627	5.673285007476807	988260	5.702676773071289	423765	5.723335266113281	232807	5.746408462524414	124848	5.751699924468994	923669	5.782666206359863	413622	5.914761066436768	847603	5.957831382751465	897933	5.97203254699707	451762	5.994720458984375	740045	6.019733905792236	257508	6.027936935424805	448337	6.054712295532227	117751	6.073860645294189	724111	6.083775043487549	439004	6.110973358154297	929705	6.113516807556152	557838	6.117929458618164	526725	6.148449420928955	251333	6.154660701751709	
44636	5.928895473480225	526577	6.201539039611816	683803	6.421776294708252	964690	6.464386463165283	585573	6.500248908996582	559808	6.522004127502441	67302	6.673917293548584	641723	6.680364608764648	205465	6.687586307525635	90421	6.725002765655518	444239	6.80717134475708	713767	6.855519771575928	64619	6.866298198699951	696501	6.876204490661621	370737	6.981955528259277	173467	7.009009838104248	594086	7.014387130737305	762686	7.017243385314941	457959	7.03065824508667	165444	7.05372953414917	
829016	11.89792633056641	723124	12.68023014068604	949949	12.72502613067627	629731	12.87609767913818	407229	13.05148696899414	501478	13.07620716094971	220267	13.1483736038208	801688	13.22324275970459	621132	13.35208415985107	693652	13.44528961181641	27917	13.44553279876709	923942	13.45649147033691	30134	13.48019027709961	505480	13.50767707824707	393146	13.53473854064941	381564	13.55673313140869	545921	13.56957626342773	901628	13.56957721710205	428115	13.57766056060791	95561	13.57955741882324	
961765	18.57966232299805	873936	18.64593505859375	359545	18.7020320892334	803511	18.9719409942627	725643	19.10211181640625	650271	19.10277938842773	167331	19.1474781036377	844025	19.16950607299805	224944	19.17370414733887	106464	19.25086784362793	225053	19.26929473876953	704092	19.29740524291992	714111	19.30416107177734	650482	19.3548755645752	562368	19.38970947265625	525338	19.39378547668457	364306	19.47067642211914	96874	19.4995288848877	760829	19.54051780700684	514747	19.57902717590332	
975946	6.479947566986084	393926	6.749419212341309	940549	6.856783866882324	732733	6.8599534034729	128075	6.871287822723389	582030	6.878170967102051	751917	6.882393360137939	206139	6.931821346282959	737684	6.971773147583008	740535	7.062493324279785	275455	7.0835862159729	691144	7.12489128112793	419472	7.129886150360107	532473	7.144915103912354	155755	7.173633098602295	308123	7.178850650787354	678148	7.198182106018066	93993	7.213023662567139	3986	7.21729850769043	324212	7.220815181732178	
913796	14.44226264953613	973311	15.89364528656006	81153	16.11245536804199	347708	16.174072265625	436018	16.2885570526123	94277	16.60200119018555	341076	16.71260452270508	400393	16.75241851806641	226834	16.75326919555664	970906	16.80919456481934	117977	16.98822784423828	889449	17.14011764526367	102188	17.18600654602051	431137	17.1877384185791	422232	17.21414947509766	622942	17.2432918548584	480337	17.27183723449707	213890	17.27408981323242	158022	17.28552627563477	161382	17.30512428283691	
872936	17.59437942504883	676215	17.74715614318848	805887	17.82779121398926	859613	18.06444931030273	103525	18.18744277954102	413462	18.48725891113281	79836	18.5421314239502	580319	18.61199951171875	445206	18.64236831665039	129835	18.74538040161133	115576	18.81312370300293	287435	18.97564125061035	792518	19.10288619995117	576223	19.10592079162598	596189	19.10832023620605	862364	19.1530876159668	190419	19.18479537963867	40829	19.1971321105957	787462	19.232421875	160418	19.26652145385742	
938886	16.36848831176758	861791	16.5722770690918	64333	16.72382164001465	246307	17.20224571228027	309982	17.62783622741699	335840	17.76139640808105	767807	18.04787826538086	813035	18.05620956420898	366784	18.06607818603516	106346	18.13182640075684	109095	18.21322631835938	149688	18.23296928405762	499818	18.23674201965332	984495	18.29618072509766	165813	18.2968921661377	31201	18.41739654541016	628433	18.43586921691895	693535	18.43668937683105	238369	18.45090675354004	211329	18.58965873718262	
532280	15.7309103012085	732048	15.95645999908447	530278	15.96892738342285	220779	16.54314613342285	360201	16.8383731842041	102389	16.89429473876953	431916	16.92407989501953	649129	16.92539215087891	567336	16.93356323242188	786284	16.9444580078125	874272	16.94592094421387	990487	17.00304794311523	145243	17.02363395690918	307665	17.05865859985352	531509	17.08617782592773	736297	17.2146110534668	13117	17.21842193603516	639069	17.39530563354492	331047	17.41504669189453	705347	17.4408073425293	
693266	22.7249813079834	545670	22.73483085632324	46239	23.45657539367676	455640	23.54614639282227	798608	23.87564468383789	941897	23.90675354003906	424345	23.91799926757812	176763	24.05303001403809	601191	24.16764831542969	539154	24.25321006774902	749476	24.32533645629883	88935	24.33583641052246	602895	24.3924560546875	749487	24.42952346801758	831840	24.46956253051758	690103	24.5366096496582	594089	24.53965377807617	159044	24.68233299255371	685667	24.80537033081055	443578	24.8400993347168	
725082	5.378812789916992	926422	5.649281024932861	133283	5.699202537536621	205760	5.779872894287109	894137	5.857744216918945	981443	5.86967134475708	409328	5.904337406158447	894829	5.904755115509033	576458	5.919569492340088	974762	5.943220615386963	100556	6.014729976654053	903897	6.017531871795654	787347	6.051300525665283	552992	6.076688766479492	118685	6.082674980163574	577317	6.083054542541504	242285	6.085446357727051	439655	6.112840175628662	958590	6.116509437561035	94024	6.136604309082031	
636477	16.4212646484375	789988	16.74691581726074	562556	17.10627174377441	917860	17.18734550476074	2958	17.25835609436035	543828	17.92244911193848	620215	17.9522819519043	393982	17.99513816833496	793470	18.04479789733887	637170	18.05070495605469	48397	18.0917911529541	107804	18.17909812927246	523717	18.22776031494141	383049	18.26467514038086	203385	18.46743774414062	745062	18.47113800048828	304795	18.47769927978516	347156	18.55463027954102	572097	18.6197395324707	216769	18.63076591491699	
807771	16.96745681762695	836969	17.26297950744629	87588	17.87614631652832	340191	18.08177375793457	765816	18.13400650024414	59560	18.69680976867676	491441	18.71723556518555	78453	18.74336051940918	630856	18.78318405151367	446674	18.84407234191895	449682	18.91911315917969	352570	19.00797271728516	287351	19.22754096984863	860901	19.3912467956543	265833	19.39358139038086	585567	19.40864181518555	298700	19.52304649353027	561420	19.53407859802246	476453	19.54314231872559	341133	19.55704689025879	
252340	14.94390201568604	17553	15.65469169616699	317715	17.20870399475098	954061	19.07033157348633	73037	19.08992576599121	23044	19.4532585144043	902138	20.33636283874512	884538	20.42135429382324	326818	20.45946311950684	358826	20.50976371765137	653293	20.74147796630859	824303	20.98404884338379	185137	20.9997501373291	62797	21.02091789245605	386866	21.4804744720459	721107	21.70627593994141	42698	21.79504585266113	665767	21.86894989013672	581905	21.99788665771484	276971	22.13168525695801	
819917	12.27066802978516	431351	12.84606552124023	573576	13.00092124938965	208826	13.20981121063232	263618	13.23878765106201	666023	13.38639545440674	459927	13.43829154968262	900531	13.51285552978516	724474	13.7431058883667	887536	13.77027606964111	935227	13.77917861938477	482385	13.93664360046387	897971	14.03719043731689	387234	14.05700397491455	358789	14.07687377929688	521643	14.08909034729004	861951	14.11299896240234	456867	14.1572790145874	723057	14.17187595367432	747199	14.1890697479248	
453388	19.75838279724121	919598	20.09654808044434	149322	20.1884593963623	545294	20.26021194458008	233703	20.39121055603027	372686	20.40421295166016	443812	20.58205223083496	883455	20.60725402832031	25397	20.64163589477539	326706	20.73285293579102	987834	20.81033897399902	83226	20.83379173278809	823568	20.84113121032715	693545	20.84586715698242	367242	20.93839263916016	910065	20.98884582519531	699951	21.14705085754395	458411	21.14966011047363	702788	21.30527305603027	655532	21.4211368560791	
354033	21.70309257507324	739079	24.55889511108398	504803	24.65475463867188	102436	24.7365608215332	391972	24.74557113647461	344182	24.84216117858887	281145	25.02029037475586	448678	25.07646179199219	339025	25.27762794494629	378166	25.39360427856445	956637	25.54595375061035	430170	25.76384162902832	711565	25.7682991027832	726256	25.84268760681152	325211	26.02736282348633	406629	26.04377365112305	576768	26.05603218078613	350115	26.05695533752441	674974	26.08403587341309	524714	26.22608757019043	
81922	13.46523666381836	340931	13.54045581817627	437412	13.54670143127441	96587	13.55112838745117	597086	13.64108276367188	635913	13.66122150421143	330896	13.69917774200439	423079	13.71830272674561	690493	13.79059600830078	618454	13.89317226409912	52966	13.91569709777832	805059	13.93222618103027	312528	14.11094284057617	653341	14.1181583404541	556401	14.13473892211914	58964	14.16519641876221	290903	14.18102073669434	934043	14.18427848815918	451834	14.20971488952637	400579	14.21031093597412	
466480	12.37075805664062	36140	12.81297969818115	141550	12.82540893554688	108348	12.97735595703125	88488	13.086350440979	943344	13.18333435058594	163726	13.28621387481689	350875	13.38597202301025	749272	13.42937278747559	841450	13.48622417449951	463615	13.68741321563721	982795	13.70186233520508	972377	13.72095012664795	434171	13.78324890136719	541672	13.80288028717041	722643	13.81524276733398	479977	13.82505512237549	544602	13.83602714538574	588601	13.84885597229004	104253	13.84912776947021	
595044	21.34133720397949	34239	21.51907539367676	616583	22.63389778137207	936464	23.05672836303711	415801	23.5074405670166	423004	23.99943351745605	649278	24.24725341796875	440731	24.25024223327637	235385	24.32155418395996	97322	24.41806411743164	687992	24.43280601501465	451584	24.48470115661621	524909	24.64998817443848	552070	24.67937469482422	286690	24.77383995056152	547151	24.77931022644043	262201	24.79780960083008	88218	24.83155822753906	624394	24.87090492248535	933750	24.89035224914551	
276782	15.02856826782227	326696	16.62639617919922	460941	16.7782154083252	862808	16.97403144836426	911311	17.2287425994873	426951	17.25686454772949	402519	17.29450988769531	30905	17.34227561950684	910186	17.35487174987793	316290	17.37619781494141	343546	17.42899894714355	804004	17.43906021118164	805453	17.47994232177734	694389	17.48791313171387	878305	17.54927062988281	121277	17.56609344482422	374905	17.58547401428223	947507	17.59584999084473	827748	17.60623168945312	544579	17.62038612365723	
627708	13.00059700012207	161122	13.05342292785645	346862	13.5415735244751	286354	13.55565547943115	277796	13.61203861236572	832251	13.73537921905518	692559	13.83316802978516	56346	13.83359527587891	117032	13.84744739532471	248682	13.87837886810303	408279	13.88841152191162	60950	13.90448570251465	755627	13.94236087799072	49972	13.95463562011719	638444	13.96695995330811	90998	13.98043918609619	812542	13.99205589294434	188439	13.99734497070312	428604	14.02400875091553	953652	14.05614757537842	
727839	17.21865272521973	618725	18.14454078674316	360678	18.83108139038086	420429	18.88032531738281	157977	18.90740394592285	500991	18.9222240447998	474091	18.98424339294434	836139	19.0484504699707	96127	19.06751251220703	526306	19.12275314331055	667514	19.20044136047363	368245	19.23994827270508	353835	19.26065635681152	837982	19.31338882446289	293612	19.37412261962891	463950	19.37687492370605	74934	19.3802604675293	325755	19.39427757263184	368644	19.40857124328613	542162	19.42279815673828	
761199	18.89655876159668	584043	19.04537200927734	381457	19.21315956115723	452910	19.33138656616211	202772	19.41914558410645	123959	19.65721893310547	630305	19.86568069458008	395066	20.05891609191895	647404	20.21120834350586	178110	20.24599838256836	62863	20.36254501342773	326775	20.4091911315918	924992	20.66037750244141	399805	20.76690101623535	285611	20.80303382873535	440970	20.85568046569824	325746	20.88737869262695	775260	21.08258247375488	400191	21.08881568908691	1983	21.21228981018066	
598348	21.29437065124512	884801	21.48944091796875	27840	21.61011695861816	509885	22.21000099182129	460642	22.67705917358398	591561	22.72622871398926	191634	22.96174240112305	805086	22.98246574401855	687082	23.14645385742188	448575	23.22576332092285	894475	23.22994232177734	919119	23.2545051574707	868597	23.41762161254883	99802	23.42016983032227	635294	23.4466495513916	73868	23.55695152282715	541997	23.66760063171387	358038	23.68618774414062	943520	23.69907569885254	539711	23.71633529663086	
853391	20.05388259887695	932201	20.3319091796875	58449	20.47815322875977	110568	21.07400131225586	892718	21.10749244689941	274964	21.18426132202148	556490	21.21992301940918	31715	21.31169509887695	182831	21.37779998779297	364673	21.42185020446777	660676	21.54547309875488	199669	21.55128288269043	427338	21.5689811706543	714322	21.68358612060547	34052	21.77452087402344	105334	21.77839851379395	331159	21.81386947631836	258899	21.82242393493652	156943	21.82536125183105	933900	21.84756088256836	
209514	15.26926517486572	784418	15.32061767578125	82206	15.32356548309326	851579	15.47488594055176	711170	15.50083351135254	991102	15.52723407745361	173880	15.57823371887207	670434	15.58276081085205	385088	15.69069290161133	87733	15.72642612457275	389673	15.72927188873291	289468	15.73715019226074	509014	15.78312492370605	835519	15.78402709960938	194229	15.90558528900146	186565	15.92909908294678	755840	15.99148178100586	544076	15.99972629547119	657958	16.00680541992188	520934	16.03825378417969	
534695	25.03672027587891	731550	25.42405891418457	611630	25.63067245483398	656058	25.73835372924805	409907	25.93616485595703	733974	25.99895668029785	41647	26.14471435546875	62092	26.22476959228516	801363	26.62652587890625	255883	26.83586883544922	28438	26.84681701660156	129781	26.88085746765137	684544	26.93667221069336	274094	27.00019645690918	683683	27.11489105224609	909447	27.19777488708496	658254	27.21703910827637	484465	27.2382869720459	301996	27.24599456787109	828546	27.30491638183594	
221169	26.60291481018066	640351	26.80258941650391	753643	27.3254451751709	883683	27.71808242797852	521247	27.97175216674805	607573	27.98729515075684	294451	27.99008941650391	883147	27.99054718017578	592862	28.05966186523438	741686	28.09421348571777	848155	28.1213493347168	211917	28.21133422851562	241321	28.26872825622559	117280	28.32306289672852	657053	28.41327095031738	779095	28.42527770996094	788688	28.43153190612793	705493	28.54570579528809	876506	28.58727073669434	929176	28.72660827636719	
538645	7.992072582244873	700036	8.129463195800781	149820	8.196908950805664	491144	8.253257751464844	698515	8.254225730895996	249064	8.279930114746094	657954	8.335407257080078	260707	8.35383415222168	723852	8.379121780395508	928934	8.379680633544922	375140	8.391691207885742	585245	8.391875267028809	969558	8.413519859313965	443186	8.432284355163574	420950	8.451250076293945	574616	8.462207794189453	934816	8.487253189086914	459695	8.567496299743652	289273	8.591903686523438	793760	8.594616889953613	
668246	19.04491424560547	547039	20.37993621826172	396856	20.38552474975586	676705	21.45768737792969	224976	22.09507942199707	173135	22.14974975585938	845001	22.47111892700195	747488	22.52617073059082	897390	22.60895347595215	530244	22.95452690124512	632759	22.99186897277832	966728	23.00710296630859	699976	23.19067573547363	82388	23.23285484313965	45479	23.26302909851074	122420	23.27431297302246	298034	23.28734970092773	323150	23.44569969177246	258042	23.47671508789062	724863	23.58534049987793	
786176	11.23388385772705	737712	11.3726282119751	722257	11.39612102508545	970627	11.43108654022217	186332	11.45165252685547	365159	11.45851039886475	398566	11.57866191864014	89894	11.60511207580566	251742	11.69065475463867	195910	11.71664142608643	908568	11.71893215179443	336425	11.74874401092529	793314	11.78215885162354	682407	11.84129810333252	549216	11.8630199432373	256266	11.89640998840332	283819	11.89727973937988	162737	11.933669090271	483598	11.96117401123047	241855	11.99634456634521	
786738	33.55274200439453	122957	36.42653274536133	988423	37.20716857910156	789035	37.25240707397461	599304	37.3552360534668	488356	37.40042114257812	523956	37.58706283569336	682398	37.6754035949707	109539	37.6856803894043	146203	37.72211837768555	523034	37.84281921386719	564804	37.88802337646484	79873	37.90904235839844	421139	38.09214782714844	446581	38.23540496826172	985716	38.28412628173828	905428	38.28918838500977	858915	38.29551696777344	272950	38.30793380737305	563580	38.41171646118164	
977505	28.44562339782715	77042	30.55999946594238	23459	31.55109977722168	8135	31.83147621154785	856786	31.87685394287109	473631	31.96620178222656	470594	32.12204742431641	395630	32.18034362792969	614950	32.22182083129883	417561	32.79179000854492	94237	32.79423141479492	979053	32.81700897216797	536805	32.8443717956543	444578	32.87776947021484	365418	32.88916015625	63364	33.0815544128418	265772	33.11277389526367	381297	33.22432327270508	76362	33.24195098876953	109819	33.26423645019531	
318289	25.723876953125	389582	26.96401023864746	933948	27.20368385314941	902931	27.56552886962891	457238	28.11114311218262	204665	28.97794532775879	670666	31.09116744995117	415975	31.13347434997559	18654	31.20233154296875	180691	31.72022819519043	93730	32.17732620239258	220374	32.32981872558594	903253	32.37169647216797	838492	32.84273529052734	628414	33.08964538574219	905137	33.12760543823242	405241	33.22405242919922	72985	33.31008529663086	459972	33.56888961791992	368248	33.66916275024414	
653178	18.93144798278809	846253	20.06718254089355	265286	20.66837310791016	472387	21.00458526611328	938619	21.01368141174316	496606	21.13277435302734	56005	21.18899726867676	67795	21.56834602355957	87040	21.57105827331543	343117	21.6644287109375	268749	21.66909599304199	408124	21.72780799865723	764847	21.78145408630371	707309	21.92292022705078	356208	21.98764991760254	365974	22.01598167419434	697293	22.09633636474609	889871	22.16094017028809	755761	22.2327880859375	430096	22.25198364257812	
984576	38.01060485839844	809719	40.19903945922852	925214	40.73206329345703	729788	40.81404495239258	632246	41.81509780883789	399153	42.11460876464844	963773	42.15259552001953	314657	42.21383666992188	806374	42.26433944702148	554365	42.3266716003418	920841	42.55588150024414	957401	42.9335823059082	736820	43.09051513671875	521759	43.16098403930664	160915	43.2551383972168	531747	43.46571350097656	657522	43.69388961791992	607253	43.83474731445312	550730	43.87069702148438	529227	44.22140121459961	
729168	11.37114429473877	435338	11.47796630859375	581000	11.48739051818848	132451	11.54246425628662	694188	11.62807083129883	650105	11.73367786407471	194533	11.99996280670166	27906	12.11199474334717	899191	12.12600708007812	302419	12.25623607635498	501839	12.31953239440918	27094	12.36807441711426	26586	12.3914213180542	779105	12.39301109313965	280110	12.39469337463379	874815	12.39969635009766	940818	12.4127082824707	384964	12.4515495300293	350760	12.55222988128662	50705	12.57327651977539	
739085	18.50607299804688	712487	21.73689651489258	623278	22.68700981140137	308320	22.74299812316895	66265	23.20695495605469	765330	23.2403564453125	205705	23.3959903717041	270931	23.46269035339355	157649	23.68254470825195	714497	23.7934513092041	522245	23.89375114440918	802320	23.96626091003418	968718	23.98101043701172	989661	24.05350685119629	197727	24.29930686950684	497587	24.36855888366699	127209	24.55411529541016	274674	24.57534217834473	759179	24.71774482727051	439657	24.73831558227539	
660162	30.29525566101074	294118	30.3963451385498	776984	32.92155838012695	7566	33.03061676025391	636289	33.03066635131836	878081	33.16795349121094	782178	33.39460372924805	724548	33.67768859863281	470234	34.17350006103516	395321	34.82963562011719	930525	35.04308700561523	789890	36.00233840942383	227961	36.12176132202148	442821	36.16757202148438	796192	36.24777221679688	907394	36.63264465332031	542409	37.15811157226562	33646	37.20587158203125	856846	37.47733688354492	948306	37.55741882324219	
59756	12.00277996063232	165623	12.49526119232178	185441	12.75730514526367	204031	12.93679523468018	985935	13.02398490905762	589338	13.02962589263916	426327	13.11592769622803	715552	13.25739669799805	974105	13.26052570343018	589829	13.44278526306152	799080	13.79383182525635	979605	13.88759136199951	70117	13.91336441040039	882617	14.01183223724365	457856	14.12779998779297	480420	14.15194416046143	800901	14.177659034729	841238	14.21946907043457	984687	14.22147464752197	885370	14.26826000213623	
5367	10.23032283782959	229790	10.75903606414795	53046	10.76609706878662	634106	10.83386421203613	817681	10.83514881134033	373839	11.00106334686279	675452	11.02397346496582	197180	11.03122329711914	916679	11.07961177825928	459129	11.08586120605469	639564	11.08731651306152	372102	11.12906074523926	228769	11.13501739501953	704825	11.14779281616211	687756	11.15041160583496	532041	11.15568923950195	13391	11.17401504516602	515120	11.19132518768311	890546	11.19833946228027	594981	11.20441436767578	
763704	11.1803150177002	691318	11.4858512878418	845106	11.60452365875244	152070	11.62527465820312	731574	11.93659019470215	265216	11.94688892364502	172983	11.96449089050293	85004	12.0577507019043	331943	12.08741092681885	976060	12.11126518249512	634968	12.11840152740479	662337	12.16353607177734	77462	12.19397258758545	707865	12.19971179962158	56944	12.23388767242432	152396	12.26374530792236	372198	12.28232574462891	277175	12.33256053924561	757270	12.33272075653076	46590	12.38726043701172	
266237	22.35840606689453	953460	22.76612281799316	451691	23.07611083984375	596006	24.32176208496094	476732	24.6705493927002	77500	24.94159126281738	621711	25.05391120910645	652767	25.29910850524902	264480	25.3891716003418	676222	25.45796585083008	508730	26.21247100830078	736521	26.30386352539062	521458	26.70267677307129	974160	26.85783958435059	423685	27.25135040283203	553683	27.53270149230957	439473	27.70254707336426	983463	27.88244247436523	367935	27.94653701782227	899957	27.9664249420166	
909526	13.99955081939697	662012	14.39986896514893	88790	14.5417537689209	645298	14.59727954864502	916909	14.67288875579834	965371	14.76573181152344	83699	14.98231220245361	456165	14.98322010040283	434458	14.99073123931885	624498	15.01206588745117	690476	15.0133056640625	499358	15.08539390563965	285158	15.08794116973877	968324	15.11027240753174	112645	15.14597797393799	527324	15.22901439666748	786214	15.26098346710205	357232	15.26705837249756	790141	15.29890060424805	51570	15.31353759765625	
625793	24.97716522216797	486069	26.39226722717285	727704	27.19114875793457	944077	27.72048759460449	985775	27.90032577514648	974963	28.11967849731445	466005	28.19540596008301	888002	28.23028373718262	966182	28.28733062744141	69946	28.29923629760742	412039	28.6558723449707	652530	28.80869674682617	126131	28.83258628845215	269030	28.88395690917969	254764	29.09206581115723	806205	29.11874008178711	796975	29.15054702758789	328093	29.46901893615723	337490	29.48150062561035	717852	29.62191581726074	
354005	20.96193313598633	347021	22.17790794372559	431539	22.23071479797363	209659	22.3545093536377	467545	22.57717895507812	589775	22.59844779968262	416285	22.73727798461914	398980	22.76046943664551	572616	22.84906959533691	44268	22.85322189331055	823931	22.96504783630371	754404	23.19336318969727	752525	23.20894241333008	714474	23.24522399902344	218092	23.31636238098145	840850	23.38278007507324	768501	23.45855140686035	216198	23.5954761505127	168698	23.67691421508789	58668	23.67831993103027	
353486	18.00731468200684	879856	18.10116386413574	909524	18.11530876159668	621436	18.16398429870605	148549	18.36595916748047	545148	18.57808303833008	874893	18.63841247558594	767353	18.82246017456055	241153	18.82488059997559	139946	18.8380126953125	63939	18.85398483276367	517235	18.86149787902832	230381	18.89539909362793	540536	18.91191673278809	286072	18.9235782623291	770542	18.9421443939209	774741	18.94453620910645	470269	18.96777725219727	709352	18.97218132019043	304755	18.97244262695312	
439970	21.26474571228027	370927	21.51870155334473	141076	21.6126537322998	501802	21.62773895263672	371510	21.65128707885742	811144	21.70304870605469	669339	22.0005931854248	595347	22.19887924194336	341062	22.25935935974121	590107	22.4727725982666	127912	22.52709579467773	278404	22.64182281494141	309784	22.64826774597168	449571	22.70634651184082	664678	22.71749687194824	167868	22.84337043762207	769241	22.85204315185547	401098	22.8797435760498	786347	22.89300537109375	808122	23.02459716796875	
108619	16.41475677490234	923859	17.35360527038574	659264	17.61736679077148	397020	17.9470157623291	977974	18.0730094909668	674154	18.13909530639648	183276	18.1473560333252	234405	18.18758392333984	5231	18.43082427978516	262909	18.45009994506836	100258	18.53531646728516	951309	18.56232452392578	833178	18.59744262695312	233365	18.59751892089844	706947	18.60880851745605	706561	18.73258399963379	136569	18.76978492736816	46024	18.77459335327148	586878	18.77469253540039	249374	18.78146362304688	
744340	17.48703765869141	818171	19.12784004211426	551273	19.91437149047852	561796	21.48008918762207	266707	21.51661491394043	564294	21.61282348632812	106066	21.94560241699219	590695	22.51114273071289	411806	22.70109558105469	614681	22.95742225646973	777531	22.96369743347168	74257	23.13993453979492	107740	23.15147399902344	411149	23.26864242553711	553522	23.28210258483887	897586	23.28840637207031	805660	23.31679534912109	922160	23.31838035583496	353776	23.36189270019531	730049	23.47802925109863	
669509	13.81921482086182	551825	13.97306060791016	424026	14.16010856628418	552798	14.7266902923584	302577	14.81311225891113	219117	14.82387351989746	753880	14.89731693267822	883352	14.95788860321045	223813	14.99023342132568	449595	15.06575202941895	870028	15.07275676727295	88042	15.22262001037598	431226	15.36725902557373	875341	15.44138717651367	230868	15.49723339080811	658246	15.5052318572998	359854	15.51027011871338	710216	15.54325675964355	207658	15.56066608428955	108633	15.57240962982178	
394971	20.03053092956543	595237	20.99854469299316	264058	21.61068344116211	16186	21.8888988494873	110610	21.98680305480957	167707	22.34275436401367	515769	22.82074356079102	133594	23.12434959411621	864913	23.31875991821289	953784	23.53650283813477	538610	23.59324645996094	844120	23.70684051513672	320079	23.87416648864746	522879	24.20947456359863	387593	24.2540397644043	651391	24.32596397399902	366853	24.44797706604004	55242	24.49681854248047	465017	24.58314895629883	389574	24.5947437286377	
650467	20.37055587768555	760342	20.42171669006348	876920	21.08465003967285	213	21.39231109619141	368990	21.42575454711914	64911	21.45755577087402	87232	21.58724021911621	979338	21.63341903686523	34818	21.79534721374512	214377	21.89786338806152	894028	21.90156173706055	885942	22.02496337890625	507548	22.14871597290039	640558	22.23409461975098	924400	22.33930206298828	493803	22.42861557006836	280004	22.48084449768066	350777	22.51005744934082	365287	22.51364326477051	197048	22.52005004882812	
162715	19.84604072570801	73471	19.92827415466309	671738	20.57004356384277	966964	21.32288360595703	711768	21.51906776428223	388493	21.65466117858887	580848	21.68994140625	547652	22.10210990905762	267473	22.18197822570801	333710	22.19166946411133	233837	22.46137619018555	252640	22.53525733947754	397636	22.58247756958008	252470	22.60512542724609	306697	22.61856079101562	325959	22.62215232849121	35113	22.66128730773926	77744	22.67413330078125	344691	22.70524406433105	289702	22.75553321838379	
543825	30.59926986694336	82121	30.62796020507812	530954	31.62749099731445	558960	31.72405624389648	676667	32.71151351928711	920177	33.02825546264648	9863	33.25692367553711	83625	33.3014030456543	470233	33.31555557250977	47934	33.45959091186523	601909	33.56962585449219	986097	33.57990264892578	684715	34.69375991821289	450578	34.99092102050781	568731	35.14089202880859	188123	35.1931037902832	120082	35.31932830810547	660780	35.56276702880859	888588	35.69217681884766	659007	35.93009948730469	
580491	17.99542427062988	125443	18.41618919372559	163193	18.58896636962891	701475	18.91473960876465	780778	18.97209358215332	871653	19.00334930419922	108920	19.13326263427734	4336	19.39109230041504	217201	19.74512481689453	798355	20.45124053955078	637382	20.50851058959961	640648	20.68710899353027	34789	20.84784317016602	796077	20.90945053100586	612705	21.11707305908203	870676	21.49352264404297	465442	21.68021392822266	371963	21.95475387573242	412389	22.00937652587891	313612	22.20613288879395	
309531	12.13746166229248	324415	12.18951892852783	762851	12.27549743652344	325569	12.36326694488525	33165	12.46442604064941	91209	12.48026371002197	331090	12.4863109588623	62886	12.56710338592529	927593	12.56832981109619	410570	12.5689172744751	261367	12.61881351470947	277039	12.69558525085449	719619	12.71990394592285	914315	12.73199462890625	101718	12.78667449951172	6773	12.79758739471436	753849	12.80749416351318	139556	12.81796836853027	351864	12.8420352935791	185178	12.86933326721191	
287929	21.41730880737305	566287	21.50618743896484	339092	22.83674812316895	370305	23.26449012756348	740355	23.3051586151123	922463	23.56281280517578	612393	23.57177734375	797960	23.58473587036133	946573	23.76986694335938	837026	23.87168884277344	606487	24.19148445129395	785428	24.33414077758789	467840	24.5227222442627	446250	24.64070129394531	239958	24.82186508178711	476894	24.82949638366699	441105	25.13722801208496	472553	25.17789077758789	990597	25.31346130371094	31654	25.42094993591309	
99607	22.26187896728516	68534	30.20980072021484	345052	33.07051849365234	502598	33.76335525512695	983237	34.39310455322266	291129	35.84470748901367	74262	39.00697708129883	985101	40.46733856201172	880479	41.61906051635742	413961	43.81805038452148	620557	45.15269088745117	372374	46.34745407104492	227171	46.70580291748047	614138	46.75200271606445	276250	46.97272872924805	158156	48.03554153442383	488609	48.36383438110352	638010	49.34567642211914	386664	49.38840866088867	786433	49.80883026123047	
706966	13.49804878234863	848643	13.57291507720947	929861	13.60035705566406	754563	13.64070606231689	848124	13.67152309417725	648281	13.7099437713623	950637	13.86993217468262	815429	14.01586818695068	305787	14.10084247589111	477733	14.10868358612061	541018	14.10921478271484	647329	14.11941432952881	593521	14.12241649627686	352077	14.12418365478516	783224	14.1555004119873	124916	14.1599178314209	989101	14.16515445709229	598305	14.16537857055664	359385	14.17862224578857	788810	14.19273376464844	
669446	19.55678367614746	482418	20.0863037109375	250736	20.08874320983887	406286	20.15835380554199	441542	20.2133617401123	487191	20.23165130615234	406306	20.25185012817383	649664	20.26509284973145	149908	20.36033058166504	901116	20.39017677307129	707640	20.3925838470459	563652	20.4002628326416	510821	20.49250984191895	514957	20.58286476135254	619659	20.68581962585449	564656	20.88274765014648	384842	20.95353126525879	681319	20.96934127807617	603478	20.96939468383789	157230	21.03876304626465	
18106	14.3453426361084	656659	14.42415428161621	381179	14.44854259490967	219642	14.63261795043945	348131	14.93529510498047	932679	14.99930667877197	973858	15.03254318237305	348741	15.07687568664551	528028	15.12238502502441	726504	15.1728687286377	114117	15.28389644622803	600575	15.33117580413818	881401	15.35888957977295	221544	15.36745929718018	738570	15.41086864471436	797149	15.42387580871582	411885	15.47124195098877	290909	15.47717571258545	412202	15.50220394134521	199988	15.52053356170654	
278951	30.79561233520508	747616	32.9441032409668	343731	34.05129623413086	624806	34.24298858642578	34288	35.28830337524414	174620	35.47256469726562	455239	35.68701934814453	15286	36.08787536621094	422990	36.30422973632812	149652	36.61260986328125	851150	36.85265731811523	613874	36.92592620849609	251971	37.3880500793457	924198	37.41825103759766	269084	37.46716690063477	349077	37.64277648925781	324665	37.82272720336914	222446	37.95748901367188	91224	38.0175666809082	497052	38.04323196411133	
290604	18.16685485839844	985164	19.65672492980957	158204	20.00000190734863	320278	21.00026321411133	222292	21.0396556854248	50881	21.16586112976074	905418	21.20489501953125	157601	21.38088798522949	698296	21.55550765991211	952415	21.68199729919434	802217	21.91115379333496	689878	22.03999710083008	50281	22.04087829589844	651145	22.08205604553223	842702	22.1528148651123	952656	22.27768135070801	736779	22.3803539276123	335139	22.38815498352051	986014	22.42994499206543	870507	22.4765739440918	
445100	27.15777587890625	174483	27.60762596130371	795280	27.90268707275391	848192	28.38885879516602	386556	28.68212509155273	335358	29.00905990600586	567911	29.12188529968262	905246	29.16697883605957	554405	29.18320465087891	358722	29.38890266418457	794819	29.44410514831543	960539	29.47446250915527	256271	29.47484397888184	502139	29.58464050292969	396315	29.76321411132812	63309	29.88562202453613	757534	30.07261848449707	69815	30.0941276550293	126554	30.14067649841309	596572	30.1498908996582	
537477	29.50653076171875	225852	31.80452728271484	198255	32.15794372558594	289959	32.3922004699707	103905	32.70980834960938	449898	32.87389373779297	833026	33.33081436157227	433555	33.35918045043945	644899	33.3896484375	169033	33.75563049316406	309381	34.15018463134766	921280	34.27110290527344	52248	34.90778350830078	644557	34.96195602416992	400285	34.97798919677734	287985	35.12017822265625	212260	35.14991760253906	858545	35.26101684570312	172748	35.32035827636719	184767	35.33977890014648	
77500	24.52035331726074	643379	25.448486328125	306613	26.84336090087891	81726	27.50140953063965	312786	27.50482749938965	78992	27.69138336181641	369330	27.80819129943848	439473	27.85513877868652	763111	28.04945373535156	811381	28.24958229064941	578997	28.27079200744629	304638	28.62629127502441	800629	28.8946533203125	970797	29.01255226135254	154404	29.07346153259277	892745	29.12131309509277	570593	29.21137428283691	482612	29.21283149719238	199132	29.24062347412109	33336	29.28755760192871	
956086	23.07329559326172	800152	23.58633995056152	784138	24.27785301208496	768140	24.34997367858887	589591	24.36843299865723	877824	24.75017547607422	695764	24.81140899658203	986457	24.88084030151367	533918	25.07826805114746	567246	25.15270614624023	979412	25.16556167602539	381591	25.30794143676758	881360	25.39062309265137	231482	25.41828155517578	661347	25.49607467651367	428322	25.6317195892334	677228	25.64298629760742	320955	25.70889854431152	388833	25.83449363708496	231036	25.90436935424805	
379909	29.56545257568359	52467	30.15963554382324	753057	30.41844749450684	976729	30.82085990905762	247281	30.86872482299805	914024	31.0151424407959	388255	31.06311416625977	895600	31.08754348754883	382435	31.13311195373535	79916	31.24176597595215	174922	31.39468193054199	168743	31.52795028686523	951333	31.72673416137695	936998	31.77063941955566	888555	32.01766967773438	120276	32.02152252197266	269630	32.04067993164062	175200	32.05363464355469	968993	32.11017227172852	872092	32.16167831420898	
24047	11.97552680969238	392132	12.32002639770508	193625	12.33300018310547	272729	12.35933017730713	577060	12.40439987182617	788154	12.51180076599121	766750	12.59598159790039	712165	12.61483383178711	263971	12.61861896514893	182784	12.64491653442383	61512	12.67043113708496	914993	12.67638397216797	303120	12.68018913269043	26161	12.68487930297852	959463	12.69248867034912	139080	12.70826721191406	785781	12.74313068389893	597527	12.743727684021	368206	12.82213115692139	156807	12.84403419494629	
934141	15.60384559631348	936852	15.70549869537354	221775	15.78883838653564	699367	16.23683929443359	784418	16.53818893432617	918518	16.75973510742188	729852	16.87409210205078	147219	16.99030494689941	198552	17.03170967102051	344031	17.15971374511719	645833	17.20059776306152	281344	17.23162269592285	792675	17.36460494995117	632495	17.44170951843262	737762	17.47589874267578	24266	17.50116157531738	277824	17.50814056396484	425063	17.61613273620605	918791	17.61990356445312	651104	17.62448310852051	
186701	15.57966804504395	136538	17.81421279907227	576213	17.94882774353027	106205	18.48428535461426	570887	18.83088874816895	308668	18.87253189086914	15668	18.93199348449707	591242	18.95297241210938	402429	19.19212532043457	590529	19.21073341369629	977276	19.26753234863281	302854	19.32399368286133	465945	19.36292457580566	448446	19.37822151184082	747252	19.5349178314209	415626	19.54726600646973	475750	19.64965629577637	140447	19.75710105895996	538226	19.76486968994141	92109	19.91732025146484	
641700	24.92117309570312	32371	26.24786758422852	572305	27.41443252563477	205113	27.54325294494629	955379	27.72083473205566	292318	27.78259658813477	42065	27.89382362365723	212225	28.18704986572266	455341	28.44253349304199	388770	28.45857810974121	393657	28.57590675354004	696595	28.58006477355957	826794	28.63322257995605	425309	28.63912963867188	810538	28.82609367370605	683338	29.03619575500488	262928	29.05195617675781	361865	29.05793952941895	264827	29.06125640869141	91049	29.10778427124023	
667514	17.71473693847656	638263	17.83335876464844	353835	18.00405883789062	368245	18.15136528015137	873930	18.19562911987305	146710	18.47571754455566	835035	18.49141502380371	513772	18.50972747802734	318243	18.52641296386719	677327	18.61126327514648	300614	18.61271667480469	526679	18.66761779785156	363764	18.69893074035645	818664	18.72042083740234	38659	18.74395370483398	854759	18.74509429931641	138712	18.76146507263184	920364	18.77226448059082	502421	18.78161239624023	525771	18.78684616088867	
387098	11.25807571411133	686973	11.72270011901855	232536	12.23495292663574	799786	12.33708763122559	215840	12.37326049804688	483650	12.37696933746338	194788	12.45150661468506	44836	12.46754741668701	98093	12.53727626800537	502357	12.54877853393555	211225	12.63195705413818	35175	12.63627338409424	184941	12.63727569580078	465998	12.66133689880371	134777	12.67365646362305	471408	12.70172309875488	625646	12.70423316955566	848967	12.70923233032227	319283	12.70942306518555	987629	12.73818969726562	
582514	7.600221633911133	646219	26.36689758300781	774491	26.62520790100098	108279	27.73168754577637	401250	27.85350227355957	393908	27.9991340637207	193489	28.14064979553223	49909	28.66772842407227	412687	28.72333717346191	980914	28.83684730529785	58568	28.87348747253418	59042	28.96179580688477	911675	28.96507453918457	595558	29.05666923522949	52310	29.13650131225586	394284	29.44834136962891	205510	29.54998970031738	417184	29.67283821105957	669760	29.75078773498535	915188	29.78239250183105	
979787	16.42543601989746	864668	17.24722099304199	835504	17.3818416595459	973973	17.4033374786377	953513	17.48483657836914	466422	17.82629203796387	213770	17.89437484741211	613294	17.96099662780762	417490	18.14064025878906	107031	18.31556701660156	919100	18.48398017883301	903101	18.53533363342285	52733	18.65229415893555	30341	18.66415786743164	538957	18.67044830322266	949300	18.67103576660156	801454	18.70901107788086	907539	18.75687217712402	629565	18.78089904785156	227734	18.79163932800293	
568550	26.05704116821289	724033	27.3464469909668	752258	28.28029632568359	635938	28.48704528808594	193395	29.0155200958252	125622	29.18381118774414	116631	29.65688323974609	671864	29.78230476379395	815741	30.15488815307617	669576	30.2316951751709	517473	30.25436973571777	110366	30.25580596923828	657417	30.28725051879883	312522	30.28908729553223	206714	30.29058074951172	127767	30.31159400939941	976908	30.6346321105957	552416	30.74312591552734	899980	30.81607055664062	938513	31.20795440673828	
626175	24.72946357727051	549405	24.9583568572998	317992	25.86179733276367	315399	25.90810012817383	534869	26.13348197937012	293750	26.20102882385254	719793	26.44922256469727	437377	26.54717826843262	751034	26.74702835083008	875978	26.77529907226562	959043	26.98885345458984	604822	27.01839637756348	236894	27.19381713867188	582144	27.34898567199707	323082	27.44123840332031	489407	27.59875679016113	977479	27.63627815246582	767751	27.70659065246582	565462	27.76082611083984	558451	27.76440620422363	
625631	8.483202934265137	579236	8.498783111572266	501520	8.530753135681152	74981	8.583786964416504	465346	8.60834789276123	16424	8.617881774902344	759197	8.679006576538086	585649	8.684909820556641	700036	8.778055191040039	665414	8.780126571655273	444703	8.784439086914062	543623	8.80097484588623	402231	8.808902740478516	346424	8.809436798095703	307793	8.83320426940918	377470	8.835492134094238	546758	8.835920333862305	914958	8.84324836730957	676393	8.857383728027344	326770	8.894267082214355	
2960	24.81590843200684	373765	27.84109115600586	266737	27.99113464355469	763516	28.12164878845215	772819	28.3230152130127	653761	28.80346870422363	519302	28.82600975036621	131616	29.20328903198242	296385	29.22745323181152	612303	29.38153457641602	876832	29.71105003356934	347128	29.7245044708252	379970	29.79410743713379	292299	29.8176326751709	91889	29.87521362304688	341601	30.01516151428223	937953	30.02068138122559	876156	30.08641052246094	580168	30.12314605712891	252626	30.21786308288574	
282688	29.57815742492676	221443	31.90514755249023	110381	33.37283706665039	884415	33.76626205444336	320415	33.8984260559082	716513	33.95389938354492	765338	34.00150680541992	958305	34.0316162109375	385614	34.28915786743164	512939	34.33261871337891	841680	34.41437149047852	678181	34.46170806884766	745079	34.48495483398438	197452	34.59932708740234	845977	34.87077331542969	887227	35.02220153808594	830241	35.11724090576172	605722	35.14458084106445	738063	35.31974029541016	811020	35.42564392089844	
700036	7.57944393157959	294011	8.072182655334473	938808	8.138619422912598	809358	8.154104232788086	901915	8.18116569519043	667501	8.184447288513184	805571	8.251298904418945	928934	8.257081985473633	878067	8.300708770751953	635661	8.304644584655762	915981	8.310269355773926	576191	8.332813262939453	770957	8.333550453186035	63007	8.348320007324219	69247	8.353456497192383	95484	8.355769157409668	577962	8.357694625854492	323281	8.364215850830078	725938	8.365260124206543	465214	8.375581741333008	
7748	8.512233734130859	874042	8.546786308288574	880013	8.645549774169922	751222	8.731289863586426	511494	8.788821220397949	324813	8.901763916015625	13458	8.949869155883789	257457	9.001749038696289	808275	9.039887428283691	399569	9.047540664672852	149820	9.058697700500488	623580	9.087786674499512	938292	9.08861255645752	748759	9.104454040527344	991544	9.111214637756348	423876	9.159980773925781	443654	9.171216011047363	497020	9.194037437438965	143326	9.218522071838379	333777	9.22071647644043	
239726	15.8752269744873	180641	16.32101631164551	1782	16.44034385681152	264014	16.48484039306641	233932	16.56828880310059	681899	16.64144325256348	650486	16.8374137878418	449584	16.97616004943848	531106	17.04436302185059	410157	17.05951881408691	369245	17.13208961486816	184369	17.21037483215332	653527	17.30003547668457	284091	17.36492347717285	487634	17.39772033691406	66153	17.40192794799805	272953	17.4034423828125	112084	17.4703426361084	341907	17.5963249206543	455414	17.60291862487793	
406949	12.10275173187256	237219	13.27383613586426	861517	13.3253345489502	891510	13.33183288574219	822526	13.34500217437744	973086	13.54255676269531	249242	13.67877578735352	294503	13.71144866943359	617317	13.75629901885986	64173	13.80938816070557	12419	13.90129661560059	800274	13.90357685089111	225294	13.93483066558838	250663	13.94025707244873	294320	13.96049213409424	70265	14.01458835601807	388875	14.08191680908203	394959	14.14223957061768	647022	14.16085624694824	181812	14.16812229156494	
342237	16.72428321838379	225092	16.86100578308105	726591	16.87563323974609	881067	17.20755004882812	10912	17.24193572998047	699265	17.2833251953125	494041	17.3909912109375	274112	17.55725479125977	137668	17.91314888000488	84224	18.03678894042969	362055	18.09803199768066	396735	18.15083694458008	728358	18.15788269042969	2502	18.29005241394043	474794	18.29572105407715	703814	18.44827079772949	976467	18.46718597412109	704890	18.6479377746582	386868	18.65641784667969	388452	18.76778602600098	
949481	17.7139720916748	333294	18.04686546325684	270658	18.6697826385498	673286	18.82925605773926	606329	19.12635612487793	924531	19.36983871459961	533991	19.39687728881836	679937	19.39920234680176	491198	19.4302806854248	854939	19.46209907531738	678420	19.4653491973877	836279	19.51062202453613	70967	19.5958251953125	887335	19.60134124755859	420789	19.63008880615234	313428	19.65780639648438	238518	19.7526798248291	964582	19.80220222473145	272323	19.8429126739502	170333	19.84607696533203	
202539	12.32278919219971	125872	13.03902244567871	38910	13.10594272613525	480629	13.1156120300293	919343	13.32349586486816	611623	13.41686344146729	38539	13.4564151763916	156920	13.48357486724854	503634	13.48409652709961	551269	13.6301965713501	204068	13.6576623916626	929149	13.69570827484131	869217	13.73094367980957	262385	13.73908519744873	325620	13.74603366851807	151349	13.77420806884766	863726	13.78548812866211	770323	13.80444240570068	17582	13.81349563598633	380183	13.8290901184082	
845312	16.84821319580078	697295	16.90213012695312	519419	17.26763725280762	738322	17.36598968505859	883544	17.39324951171875	383235	17.45858192443848	797418	17.52843475341797	883780	17.59766960144043	970929	17.61022186279297	112617	17.63310623168945	528018	17.66134452819824	812890	17.72143173217773	786648	17.82340049743652	114477	17.92105484008789	651887	17.99032592773438	134899	18.05917549133301	281794	18.06326293945312	584058	18.07173538208008	154194	18.08864784240723	988433	18.15175437927246	
953928	30.3614559173584	330494	32.80768203735352	972499	33.63862228393555	485340	33.91229248046875	345794	35.00279235839844	654621	35.49356079101562	614891	35.50508880615234	376453	36.01623153686523	326512	36.04635238647461	511315	36.16138076782227	432915	36.34185791015625	751376	36.52013778686523	306477	36.52114105224609	534751	36.67926406860352	75216	36.68304443359375	38056	36.81457138061523	656601	36.91328430175781	418568	36.9781608581543	385443	37.37302017211914	940227	37.47500610351562	
949321	9.089871406555176	763815	9.688114166259766	457608	9.976093292236328	591071	10.02662658691406	143116	10.13041305541992	892356	10.14048290252686	942083	10.15192127227783	927275	10.16400814056396	387156	10.2548656463623	147524	10.26467418670654	161620	10.29739189147949	935691	10.32927131652832	810323	10.33487224578857	865637	10.34589672088623	371054	10.34783172607422	366342	10.35331344604492	722901	10.35435009002686	496779	10.35721683502197	636438	10.3598518371582	187273	10.40307521820068	
880123	12.18858528137207	294363	12.49799823760986	32387	12.51476573944092	341235	12.61308479309082	96885	12.74522304534912	149650	12.81992530822754	239635	12.82526206970215	38862	12.84979057312012	496890	12.90456199645996	258114	12.96273326873779	871907	12.99223709106445	816452	13.0563907623291	722665	13.07270908355713	964684	13.09805870056152	690860	13.13984489440918	948609	13.21254062652588	435467	13.21580696105957	905940	13.37378025054932	626309	13.37385082244873	585804	13.40323734283447	
528046	19.51717758178711	116880	20.10810089111328	401598	20.15808486938477	316348	20.8842887878418	637991	20.97349166870117	554258	21.15837287902832	575275	21.235595703125	798876	21.29319190979004	726204	21.31535339355469	64253	21.43687438964844	257839	21.44726943969727	152960	21.59930419921875	409546	21.6029167175293	154107	21.70865058898926	525764	21.73507881164551	515901	21.78435134887695	632384	21.79205131530762	254259	21.917236328125	81770	21.92385101318359	611905	21.99954986572266	
923514	14.92366218566895	510970	15.32565784454346	786512	15.93959903717041	227366	16.01298713684082	240258	16.01385498046875	499993	16.06058502197266	884269	16.17422294616699	480699	16.2232608795166	174786	16.35938262939453	982389	16.56818771362305	15147	16.58051300048828	896039	16.64945030212402	242308	16.73514556884766	674070	16.83418846130371	773724	16.87239456176758	714117	16.89998817443848	608538	16.96836853027344	910850	17.03629112243652	785757	17.06447792053223	250383	17.0982837677002	
747845	19.2298526763916	53479	20.37387657165527	656787	22.92253684997559	401564	22.99735832214355	443838	23.20833587646484	599192	23.26371765136719	540786	23.47232818603516	35201	23.64806747436523	138639	23.65098571777344	378907	24.08221054077148	380670	24.08465194702148	408638	24.11054420471191	558967	24.24085235595703	898889	24.24839401245117	539244	24.27986526489258	180598	24.36843490600586	859412	24.40177154541016	630390	24.46325492858887	948507	24.46621894836426	364536	24.49301910400391	
848893	8.853841781616211	100414	8.877176284790039	457599	8.907961845397949	457182	8.952584266662598	9127	9.032265663146973	890581	9.162755012512207	60235	9.225834846496582	416037	9.273164749145508	455436	9.290993690490723	518829	9.294331550598145	182459	9.40235710144043	836269	9.40399169921875	347597	9.425930976867676	810468	9.45042896270752	948543	9.483975410461426	513536	9.486835479736328	453469	9.492712020874023	305638	9.51278018951416	748565	9.52520751953125	656237	9.58513355255127	
609330	15.71424770355225	262909	15.74788665771484	853190	15.79619598388672	866967	15.92370319366455	536717	15.93649673461914	32112	16.06977272033691	977816	16.10474014282227	212487	16.40518379211426	524417	16.41817665100098	532563	16.50421142578125	201230	16.51225471496582	774811	16.5175838470459	971310	16.57069778442383	425807	16.59836578369141	36553	16.6613883972168	608281	16.6646842956543	715667	16.73250389099121	557169	16.76014518737793	522812	16.79047966003418	684221	16.80338668823242	
76669	18.13634490966797	809497	18.49066162109375	858860	19.0278205871582	476953	19.08216667175293	129720	19.18774032592773	675100	19.2524356842041	131824	19.26362991333008	610446	19.32197189331055	113861	19.39897346496582	778961	19.40596771240234	164277	19.43280410766602	45713	19.44294166564941	371447	19.46468925476074	452505	19.50735664367676	230849	19.56180572509766	243676	19.6431770324707	774297	19.71763801574707	719876	19.73339080810547	154824	19.78824996948242	608270	19.80990219116211	
953802	26.37751007080078	983305	29.40481376647949	534721	30.14252281188965	679702	30.1610221862793	39451	30.35018348693848	291242	30.44624328613281	182368	30.65887832641602	17071	30.79782485961914	570022	31.05404853820801	843082	31.06951522827148	938791	31.08951377868652	342513	31.09161949157715	253632	31.26716804504395	76635	31.36681175231934	943939	31.47854995727539	632345	31.65663146972656	479381	31.94681739807129	62666	32.09331130981445	513465	32.1945915222168	618113	32.39386749267578	
57091	7.776706695556641	346856	8.438811302185059	207785	8.753584861755371	761383	8.84412956237793	864444	8.857474327087402	223891	8.863347053527832	576129	8.867925643920898	449711	8.878121376037598	142923	9.052109718322754	208509	9.149663925170898	982806	9.238795280456543	186771	9.255414962768555	329681	9.301960945129395	539878	9.306167602539062	221237	9.310256004333496	75138	9.327335357666016	952209	9.330778121948242	409046	9.354315757751465	175288	9.377323150634766	354745	9.384154319763184	
672614	32.69616317749023	817806	32.96242523193359	173453	33.45455551147461	631524	34.02251052856445	747659	35.84457015991211	818179	35.87704467773438	843311	36.02265930175781	569242	36.04986953735352	151715	36.13504791259766	514560	36.15034866333008	98801	36.73403930664062	613867	36.89408874511719	559528	36.97781372070312	797847	37.65621948242188	174397	37.77458572387695	378534	37.84242630004883	713780	37.85760498046875	33166	37.89549255371094	187001	37.98685836791992	498766	37.99617767333984	
844525	13.86528301239014	303880	14.33171558380127	274472	14.37111473083496	399458	14.47319030761719	906422	14.55176448822021	399952	14.56633377075195	541048	14.61326217651367	557182	14.67843818664551	484971	14.69087982177734	459738	14.70673179626465	342584	14.72395896911621	191145	14.82736110687256	158849	14.87951374053955	599086	14.88837051391602	410963	14.91714000701904	94738	14.92679500579834	34608	14.9877290725708	898899	15.02211856842041	527735	15.03168487548828	170525	15.03340911865234	
845879	12.80032157897949	776756	13.58502769470215	145801	13.7575216293335	875703	13.98035717010498	205491	14.11622619628906	97853	14.35147953033447	874070	14.40106105804443	343513	14.41308498382568	76951	14.44513416290283	311533	14.47898483276367	394820	14.48665046691895	863416	14.5163631439209	520779	14.51675510406494	624099	14.54141235351562	678716	14.54774856567383	854323	14.62123489379883	885554	14.64497661590576	638330	14.65432071685791	812542	14.68448543548584	315812	14.70105361938477	
412074	19.24168968200684	968714	19.60502815246582	492643	19.88363456726074	980815	19.95503234863281	772145	20.17787933349609	419786	20.2768497467041	534345	20.67632865905762	321494	21.01167678833008	881182	21.36933135986328	856285	21.39946556091309	855336	21.4098072052002	674769	21.50751113891602	544324	21.65307998657227	584933	21.83555793762207	11003	21.86538505554199	217872	21.88806533813477	702968	22.01893615722656	321375	22.03970909118652	755118	22.06575584411621	278661	22.07828903198242	
957516	13.55055141448975	213542	13.66387176513672	135335	13.89091300964355	662118	13.96821784973145	372352	13.98907375335693	417502	14.17331218719482	445650	14.21140098571777	571631	14.31414127349854	777885	14.43563747406006	940036	14.58043003082275	932608	14.62021732330322	512152	14.68857097625732	356848	14.69912338256836	380440	14.74369335174561	654923	14.84415531158447	106776	14.85195255279541	630234	15.00356388092041	651084	15.12474918365479	736364	15.13964748382568	65149	15.16164493560791	
452494	11.68023490905762	769680	14.40034198760986	615152	14.42496681213379	340686	14.77592945098877	64148	14.93255233764648	573760	14.95059108734131	143239	14.97214126586914	429350	15.01710987091064	204731	15.07383060455322	954074	15.12723064422607	182730	15.16604328155518	393161	15.17855453491211	514809	15.1970100402832	268857	15.22636318206787	768338	15.26453399658203	667059	15.36760234832764	535451	15.39342594146729	400240	15.39422607421875	112371	15.3996696472168	478218	15.41691207885742	
5608	17.80685043334961	245438	18.69502449035645	431940	18.75362014770508	315671	18.7593822479248	127329	19.40421485900879	376820	19.68099212646484	269778	19.86163139343262	316045	20.29597091674805	842177	20.35429573059082	483364	20.36810111999512	162559	20.43636131286621	664401	20.44723320007324	795616	20.52304840087891	217258	20.54979705810547	703255	20.58015251159668	185752	20.64001655578613	169250	20.6461296081543	153980	20.67795372009277	44110	20.78011703491211	80419	20.87892532348633	
125392	22.55729675292969	178630	23.07574653625488	839917	24.05377960205078	774356	24.59972190856934	844903	24.74518775939941	105066	25.0401554107666	752584	25.38672637939453	39088	25.43362045288086	605142	25.50861549377441	712178	25.54852104187012	536722	25.60105895996094	765455	25.61580467224121	130030	25.6461238861084	685653	25.73458862304688	373050	25.74364471435547	779074	25.77079963684082	709811	25.78525161743164	673985	25.87972831726074	28324	25.92398071289062	486615	25.97579383850098	
297696	13.29964160919189	792562	13.78244781494141	495530	14.24682712554932	320812	14.30195617675781	958179	14.36782836914062	956392	14.41498279571533	853770	14.42602634429932	561304	14.48723888397217	209502	14.70694160461426	442194	14.71813774108887	715408	14.85149002075195	446094	14.91786766052246	933002	15.00172710418701	953683	15.01242828369141	863625	15.12808418273926	605708	15.21632480621338	294272	15.22113800048828	708730	15.23549556732178	29048	15.24875164031982	343678	15.26443386077881	
284801	12.81454086303711	949007	13.29842090606689	315762	13.45931720733643	657437	13.8907356262207	398853	13.89892196655273	51454	14.06663608551025	540766	14.11142826080322	396173	14.15405082702637	275980	14.22545146942139	84202	14.23256206512451	14437	14.25678157806396	838611	14.34170341491699	495182	14.38375377655029	451125	14.41480159759521	76913	14.42913436889648	592855	14.45814990997314	596946	14.46231842041016	637381	14.49656867980957	114495	14.50602054595947	348381	14.52569770812988	
233000	6.796121120452881	571493	7.327084064483643	708000	7.510608196258545	406553	7.540587902069092	25161	7.606697082519531	464302	7.652753829956055	704	7.677717685699463	454009	7.831213474273682	519075	7.87851095199585	121526	7.881441116333008	786880	8.023566246032715	467799	8.024503707885742	686065	8.030142784118652	201216	8.03749942779541	402629	8.092098236083984	738532	8.138713836669922	890325	8.14266300201416	926508	8.153369903564453	363144	8.170163154602051	419079	8.194915771484375	
706616	18.12380790710449	199326	18.34492111206055	746158	18.75689697265625	659144	19.80053901672363	732699	20.08706092834473	896284	20.09147453308105	723521	20.14467811584473	128077	20.22895622253418	773688	20.38525009155273	912911	20.45211029052734	469726	20.46746635437012	612871	20.52381896972656	918277	20.59379196166992	709647	20.65532875061035	739995	20.66919708251953	87181	20.75081253051758	167496	20.82562828063965	110790	20.85843849182129	806965	20.90315437316895	581163	20.90662956237793	
16367	30.66447257995605	584315	34.40774536132812	648345	34.46320724487305	185299	34.7336540222168	252284	34.94772720336914	102796	35.09661102294922	80802	35.48128128051758	535083	35.58025741577148	986851	35.88711929321289	217041	36.086181640625	235433	36.38766479492188	704789	36.43020248413086	337100	36.72372055053711	787848	36.82316207885742	463998	36.85931777954102	605312	37.06946563720703	333841	37.38571929931641	302469	37.45574569702148	406179	37.71062469482422	621016	37.81481552124023	
904803	7.838107109069824	342366	8.023401260375977	413286	8.190547943115234	917280	8.221238136291504	499824	8.397656440734863	861963	8.415513038635254	346118	8.522963523864746	172847	8.538823127746582	720538	8.544797897338867	12745	8.552886009216309	271363	8.607635498046875	375040	8.608867645263672	59091	8.657103538513184	916467	8.664100646972656	125624	8.666431427001953	486434	8.675484657287598	112403	8.678184509277344	746027	8.708887100219727	847116	8.764255523681641	870692	8.770170211791992	
818601	31.03058815002441	286997	32.92419052124023	94394	34.79684829711914	657074	34.89186096191406	970633	35.04393005371094	570374	35.2606315612793	249349	35.54612350463867	935988	35.73071670532227	78207	35.9539794921875	905428	36.14804458618164	196265	36.21289443969727	949891	36.25332260131836	55775	36.37306594848633	388076	36.43938827514648	290021	36.68442535400391	981014	36.68948745727539	134687	36.76766967773438	169700	36.77263641357422	977176	36.94635391235352	34078	36.97732925415039	
479304	14.4543514251709	232150	14.50004386901855	778654	14.56078147888184	712687	14.83900833129883	210723	14.9271764755249	821316	14.9336051940918	877502	15.00400161743164	602794	15.0762186050415	377112	15.12563896179199	873399	15.16465377807617	603782	15.17640495300293	181343	15.28270721435547	353908	15.30780696868896	250093	15.4167308807373	134360	15.44209861755371	464962	15.44235515594482	130701	15.49380588531494	896294	15.51167392730713	418489	15.51445198059082	147961	15.52167510986328	
166708	21.85015106201172	940892	22.09845161437988	276297	22.20216369628906	749065	23.03837013244629	641202	23.6883602142334	532677	23.82974433898926	214777	24.08353805541992	305388	24.14407539367676	112171	24.25167846679688	246882	24.32013130187988	580086	24.37769508361816	629774	24.4316234588623	175893	24.7030143737793	309313	24.71272659301758	883128	24.72457122802734	561051	24.74613380432129	26860	24.87422943115234	295198	24.94692993164062	68574	25.06435585021973	604170	25.09250831604004	
667294	22.7479305267334	553487	22.83667182922363	245968	22.94654083251953	158	23.01707077026367	920770	23.76624298095703	875184	24.03783988952637	563367	24.23464202880859	189423	24.3774471282959	875505	24.84814643859863	962311	25.03063011169434	865821	25.57546234130859	379172	25.60603713989258	73941	25.85499000549316	57132	25.92863655090332	147002	26.23124313354492	778192	26.23983764648438	906073	26.33470153808594	791697	26.57463455200195	587617	26.74910736083984	590639	26.94238090515137	
44991	10.20601844787598	367128	10.30066013336182	165962	10.42720127105713	844670	10.75502395629883	45496	10.7775354385376	383915	10.78376388549805	413522	11.00239181518555	272580	11.01328086853027	711313	11.02256011962891	676942	11.0595064163208	698190	11.08634853363037	948541	11.11044502258301	384859	11.11545753479004	385673	11.17108154296875	289536	11.21038341522217	761450	11.25705242156982	742799	11.29524421691895	661231	11.29950904846191	162686	11.30273056030273	346686	11.30815315246582	
9291	18.05599784851074	230002	18.53460311889648	419810	18.59280204772949	98658	18.60690879821777	904447	18.63838386535645	821959	18.68324661254883	523295	18.76169967651367	718041	18.78631782531738	84111	18.97391319274902	778115	19.04806709289551	418942	19.06595802307129	12262	19.11941337585449	136275	19.22608947753906	515671	19.29500579833984	414390	19.30102348327637	761511	19.43515586853027	129355	19.5262565612793	480647	19.67130851745605	983548	19.70126152038574	620859	19.84359169006348	
517608	15.34724807739258	425431	15.38467693328857	919133	15.49752712249756	396696	16.07430839538574	619411	16.07663345336914	327530	16.1989803314209	453685	16.20015144348145	448005	16.27303886413574	571078	16.41842079162598	143257	16.50542449951172	804960	16.59806251525879	776125	16.60414505004883	353154	16.60872268676758	988412	16.68205261230469	186227	16.69163703918457	511882	16.69191360473633	351867	16.69957160949707	710360	16.7011775970459	93967	16.71409225463867	78779	16.73862266540527	
798545	36.85338973999023	204839	39.77546691894531	973710	40.00416564941406	765720	41.85070419311523	682395	42.39212799072266	769882	42.67496871948242	690779	42.75119781494141	838220	43.18047714233398	981624	43.41605758666992	65731	43.83357238769531	863464	43.91740036010742	694403	44.70526504516602	483084	44.93989944458008	486327	44.94194793701172	74695	44.94768905639648	322833	44.97121429443359	660207	45.18503570556641	305036	45.20442199707031	532276	45.32703399658203	521540	45.35694885253906	
688153	18.12206268310547	819122	18.39585304260254	285883	18.46221351623535	634119	18.58246421813965	589248	18.76800346374512	716369	18.80801773071289	112390	18.90408515930176	643112	18.93786430358887	737480	19.10659599304199	122314	19.1071720123291	598453	19.16557502746582	528025	19.18310165405273	707341	19.23311805725098	515155	19.31053924560547	27574	19.31724548339844	986731	19.60185432434082	247693	19.75976943969727	881600	19.80704879760742	1896	19.84456825256348	208415	19.84668731689453	
580079	26.28234672546387	42164	26.59895896911621	439575	26.84956359863281	176200	26.96294212341309	447444	26.97080421447754	688537	27.00146484375	873181	27.06548309326172	105391	27.2280216217041	269670	27.27226829528809	297482	27.41703987121582	391573	27.47331619262695	976556	27.51907348632812	644181	27.53939819335938	853671	27.71505546569824	141782	27.77766799926758	899385	27.82857131958008	139959	27.90958976745605	890441	28.05594825744629	747592	28.11533164978027	755066	28.15371322631836	
618065	18.86885261535645	668481	18.88197898864746	723578	19.03575706481934	954784	19.29951667785645	627333	19.52646636962891	942671	19.54405403137207	900707	19.72726249694824	660480	19.90883255004883	560503	19.9284839630127	104785	19.96224021911621	626339	19.96761131286621	739345	19.99520111083984	854851	20.00283622741699	963776	20.00690269470215	534783	20.00704383850098	794040	20.02421188354492	527079	20.0461540222168	266593	20.05389976501465	980760	20.10384178161621	270146	20.10730361938477	
586343	16.29853248596191	25362	17.58111000061035	941356	17.7445011138916	648688	17.93694877624512	698963	18.54635429382324	655714	18.71781349182129	557880	18.90470123291016	591787	18.91703605651855	344205	18.9725341796875	636146	19.01234245300293	965064	19.09468650817871	348341	19.16469955444336	623906	19.4674072265625	838056	19.57147407531738	983796	19.61704254150391	628184	19.62077522277832	893191	19.63462257385254	932592	19.69504356384277	334331	19.70708084106445	288774	19.74750518798828	
677260	12.89369964599609	392425	13.03842449188232	898740	13.11211395263672	480947	13.12306785583496	710028	13.16318798065186	849163	13.32925796508789	721948	13.40819358825684	855512	13.67038822174072	666221	13.78306865692139	105328	13.9123592376709	499986	13.91589641571045	384414	13.92945957183838	958601	14.00319004058838	25104	14.02799129486084	790212	14.06903839111328	960721	14.11971759796143	646723	14.13540172576904	167087	14.1524543762207	311571	14.15590381622314	607859	14.17107105255127	
657984	6.894210815429688	962763	7.001644134521484	943836	7.052550315856934	491987	7.168474674224854	907705	7.202414035797119	310108	7.24480676651001	788623	7.251882553100586	800578	7.271598339080811	215702	7.273624897003174	564614	7.294626235961914	364048	7.324713230133057	614608	7.335793972015381	438632	7.359414577484131	92704	7.37172794342041	616283	7.400457859039307	122816	7.401196479797363	218183	7.403353691101074	834963	7.424295425415039	742444	7.448672294616699	621970	7.459577560424805	
597523	19.74633407592773	553309	19.83840370178223	277824	20.09645462036133	684958	20.60231399536133	699991	20.79250907897949	8317	20.84946823120117	12637	20.94451713562012	863313	20.97470474243164	460880	21.08059692382812	674443	21.13902854919434	181416	21.20737075805664	199865	21.23633575439453	226625	21.26468467712402	732411	21.50815582275391	206868	21.55507278442383	699367	21.56525230407715	983082	21.59847068786621	315909	21.65770149230957	869183	21.66261863708496	180539	21.68634033203125	
842383	12.64112567901611	798724	12.68738842010498	254726	12.71066570281982	458531	12.83248329162598	229714	12.89196109771729	456421	13.02428817749023	434299	13.16854000091553	639575	13.20042705535889	630015	13.21005821228027	51134	13.23154258728027	306082	13.36821269989014	475530	13.3802318572998	883892	13.38616561889648	325099	13.46341705322266	145832	13.47239303588867	506728	13.50078296661377	579744	13.58506298065186	241421	13.58518695831299	562744	13.58731937408447	322400	13.62409210205078	
911134	10.32381916046143	35853	18.60929107666016	878895	19.34930992126465	848663	19.97716522216797	157374	20.01553535461426	810856	20.01994514465332	585650	20.10268020629883	276779	20.11647796630859	707629	20.20608139038086	217608	20.43120574951172	754639	20.50535583496094	198321	20.63662528991699	397319	20.72187232971191	417833	20.97878074645996	354272	20.9825382232666	655015	20.99808692932129	833521	21.01797676086426	948595	21.04572868347168	413391	21.11076354980469	273757	21.11653709411621	
374484	14.01828193664551	887449	14.39769077301025	705434	14.64372062683105	700208	14.76803970336914	244609	14.81699848175049	163228	14.88068294525146	833835	14.88260459899902	250772	14.89188098907471	289438	15.10022258758545	341531	15.10449314117432	320654	15.10836696624756	212191	15.29240417480469	132979	15.33258724212646	100391	15.40462970733643	924912	15.44478511810303	703449	15.48394107818604	108077	15.52297878265381	409587	15.53166580200195	624657	15.5938024520874	53180	15.5988941192627	
954640	30.49589538574219	687003	30.60226058959961	99910	30.67255210876465	19475	30.74554443359375	704999	30.81757736206055	561003	30.88197708129883	196325	30.91376304626465	206056	31.02875328063965	808671	31.20390319824219	972294	31.97817802429199	772553	32.2371826171875	196461	32.25139617919922	707332	32.56024551391602	234947	32.64903259277344	434986	32.75163650512695	126526	33.04891967773438	543012	33.37309265136719	340201	33.40990829467773	422196	33.63033294677734	531584	33.68408966064453	
858653	11.33493900299072	744614	11.36448860168457	239702	11.7905797958374	266054	12.16353321075439	474894	12.22486877441406	774837	12.29268932342529	878483	12.53697109222412	651454	12.62916564941406	323763	12.6906566619873	256517	12.69922637939453	642362	12.73409557342529	564854	12.76249980926514	480246	12.82768058776855	832577	12.83882904052734	767713	12.84721755981445	425225	12.86924648284912	452314	12.90167808532715	201114	12.94006633758545	854429	13.12840557098389	825244	13.12913799285889	
400341	18.72599411010742	784728	18.79323959350586	916988	18.80362319946289	679007	18.88864517211914	678690	19.05888748168945	667397	19.0644702911377	353808	19.15180397033691	281872	19.21206665039062	715767	19.24385833740234	504175	19.31779861450195	419600	19.32752799987793	909726	19.40719604492188	790484	19.46469688415527	526255	19.59259796142578	521990	19.63187408447266	851325	19.7177734375	657169	19.72231864929199	408173	19.80224800109863	127706	19.8052806854248	812053	19.80710411071777	
83687	17.37413597106934	169199	18.79660987854004	859840	18.83622360229492	489110	19.4711971282959	251436	19.81948852539062	292442	20.06504249572754	488491	20.08062362670898	436397	20.15855026245117	114200	20.18062591552734	149713	20.32075881958008	726400	20.34132766723633	13448	20.39196586608887	878838	20.80592918395996	186354	20.83732414245605	619328	21.07147598266602	36557	21.11728668212891	268228	21.12029075622559	536781	21.14830017089844	954662	21.42045021057129	817182	21.44051933288574	
937160	16.66576385498047	858683	16.76925468444824	785817	17.0632495880127	943667	17.43490409851074	84722	17.49704742431641	481330	17.5310230255127	740756	17.58030700683594	706494	17.6875171661377	305651	17.74070739746094	866847	17.79624938964844	903807	17.85309410095215	70891	17.89113807678223	125166	17.94650840759277	68896	18.00460243225098	545945	18.01247406005859	602500	18.11764526367188	515257	18.19679832458496	81532	18.23042678833008	87081	18.34204864501953	90723	18.41031646728516	
583938	11.31728172302246	589259	11.47709560394287	550878	11.80128574371338	225118	11.84794616699219	557995	11.87973022460938	560404	11.90653705596924	49930	11.94307136535645	300144	11.95624446868896	907191	11.99283790588379	255189	12.02247905731201	503562	12.07292747497559	889676	12.10901355743408	840637	12.18324851989746	908810	12.19566917419434	97350	12.27558898925781	345545	12.31314468383789	52683	12.32713508605957	524653	12.3351879119873	473720	12.38870525360107	923555	12.39162445068359	
966169	8.303302764892578	345458	10.01767444610596	591334	10.10546016693115	510988	10.12362766265869	68210	10.2603063583374	885424	10.27977752685547	403036	10.29458904266357	986762	10.31880474090576	962782	10.32663154602051	310137	10.32670307159424	834378	10.3773889541626	211543	10.40188407897949	38276	10.52284336090088	606438	10.55753707885742	567008	10.70525741577148	507468	10.74067401885986	951261	10.74813365936279	252752	10.77392292022705	931133	10.78189086914062	467490	10.81226444244385	
170298	9.461555480957031	708936	9.557109832763672	95515	9.578164100646973	907088	9.587380409240723	953953	9.608545303344727	916087	9.837926864624023	720381	9.945785522460938	386874	10.03270530700684	200133	10.05078315734863	503257	10.05716800689697	952196	10.06098175048828	868685	10.07678413391113	162149	10.09672451019287	76154	10.14099216461182	78930	10.231201171875	324537	10.26705265045166	784200	10.27518367767334	946608	10.34523010253906	746280	10.36534786224365	553469	10.37502861022949	
674754	13.38482570648193	528607	14.20198822021484	737173	14.21856689453125	677416	14.49747753143311	808100	14.62334060668945	603304	14.71627521514893	533880	14.84366321563721	663179	14.85528564453125	248787	14.90739727020264	730268	15.0586519241333	639132	15.07383060455322	74585	15.11565113067627	685384	15.16242694854736	989887	15.27637386322021	946335	15.31482219696045	352404	15.32071781158447	633929	15.34153175354004	901806	15.38687419891357	582262	15.39831638336182	339970	15.49745559692383	
977726	12.22107028961182	284905	14.40322399139404	307333	16.20365142822266	253341	16.69843101501465	914305	16.93626976013184	682250	17.29012489318848	947286	17.54369735717773	383555	17.62697982788086	162523	17.88980484008789	315466	17.92542839050293	620723	18.09202575683594	55858	18.1051197052002	553947	18.12458992004395	133314	18.16137504577637	253954	18.27513313293457	907355	18.29150772094727	288057	18.61875534057617	655692	18.93332672119141	396846	19.00967407226562	50238	19.0469970703125	
571044	18.57241249084473	626974	19.0533332824707	311417	19.77248382568359	580517	19.92959785461426	577187	20.06171417236328	880006	20.06762313842773	980727	20.11980628967285	30763	20.30741119384766	110460	20.35484313964844	321776	20.37079620361328	627770	20.40861320495605	125620	20.41990852355957	964240	20.69229125976562	205304	21.0892219543457	580220	21.14678001403809	180026	21.23846626281738	535150	21.29635810852051	484884	21.36325836181641	416874	21.3810863494873	517547	21.39324569702148	
610742	12.80569458007812	822995	12.85493183135986	3821	13.01639080047607	33974	13.02075290679932	96919	13.07692623138428	786890	13.08194541931152	784729	13.11067485809326	697406	13.14894676208496	964609	13.18235206604004	203798	13.19776058197021	190306	13.21848773956299	923179	13.29024314880371	436801	13.33068084716797	512830	13.36087608337402	446032	13.38674163818359	452738	13.3917064666748	660079	13.40104866027832	366055	13.40479469299316	975606	13.42975521087646	651692	13.4784574508667	
972212	11.38108825683594	229638	11.62632656097412	273605	11.77928924560547	728991	12.35055541992188	493019	12.61264514923096	198769	12.81385898590088	691115	12.84021472930908	758294	12.89413356781006	232966	12.95978355407715	19266	13.0677375793457	856926	13.09075260162354	831396	13.11542892456055	52822	13.18672752380371	468543	13.26245212554932	56885	13.26884651184082	73818	13.33397483825684	78498	13.36698818206787	774642	13.42079162597656	349351	13.42500972747803	876952	13.44901943206787	
735643	14.86908340454102	834129	16.00009346008301	337646	16.3702449798584	86327	16.55007934570312	392405	16.64842224121094	393670	16.9943790435791	284624	17.08982276916504	266203	17.1317253112793	295190	17.22168731689453	359667	17.23041725158691	573204	17.36883926391602	356682	17.40737152099609	252005	17.49867248535156	698125	17.52375984191895	702399	17.58527374267578	334502	17.62974739074707	355460	17.68862152099609	565465	17.76810455322266	438801	17.84002685546875	977192	17.92034721374512	
814794	13.18566036224365	415062	15.15361785888672	465731	15.54155921936035	154410	15.56310939788818	704818	15.80949783325195	588823	15.82889461517334	165730	15.83591842651367	404899	15.95785903930664	905468	16.00961875915527	629400	16.03999328613281	532217	16.04685592651367	336419	16.26834106445312	48058	16.27184295654297	712384	16.30952835083008	936593	16.31253623962402	159255	16.34269714355469	777961	16.35116767883301	967504	16.37201690673828	27480	16.41407775878906	828252	16.4756965637207	
689297	13.19356822967529	527879	13.34677982330322	606261	13.35970878601074	491233	13.39609432220459	119788	13.53830814361572	772321	13.55125331878662	59911	13.73769283294678	950943	13.88939380645752	360186	13.98816967010498	266959	14.07841682434082	620319	14.09183597564697	324071	14.10550594329834	254033	14.18600273132324	599912	14.21011543273926	525700	14.38073444366455	471900	14.40601253509521	796255	14.49830055236816	94224	14.57311820983887	863511	14.61174774169922	291785	14.65393447875977	
18513	38.93300628662109	316416	40.44111251831055	504004	40.45193481445312	289331	40.50231552124023	64932	40.56740570068359	866948	41.0056037902832	150598	41.63953399658203	609442	42.21728515625	775964	42.61592102050781	80987	43.55290985107422	155351	43.84539413452148	149375	43.97119140625	123870	44.44354248046875	446740	44.47072219848633	487428	44.54855728149414	308222	45.10147476196289	656407	45.22060394287109	532583	45.78216934204102	30069	45.82420349121094	925913	46.39295959472656	
618452	18.30312156677246	937261	18.36611557006836	258846	18.46367645263672	374704	18.6421947479248	50477	18.66264533996582	190812	18.69549942016602	408491	18.70882034301758	861122	18.76833152770996	340705	18.7950611114502	263781	18.84923362731934	551434	18.92131042480469	521581	18.92625427246094	569265	18.95186996459961	575846	18.95671081542969	846765	19.02481269836426	915	19.16600799560547	122909	19.16661262512207	747820	19.1919002532959	113991	19.20210075378418	971890	19.21729850769043	
860263	10.52816581726074	203566	10.86251640319824	668119	11.16005325317383	569490	11.30681419372559	182065	11.35207557678223	611456	11.35820007324219	767210	11.37055397033691	468981	11.49971961975098	342903	11.52974700927734	809605	11.535569190979	124035	11.57099723815918	725005	11.5856237411499	75859	11.62289810180664	150188	11.63386344909668	805294	11.64525508880615	858913	11.6463680267334	186034	11.67586040496826	274437	11.7246618270874	93640	11.75325298309326	103502	11.7720947265625	
803016	12.32030010223389	957778	12.97224044799805	696681	13.23413276672363	472882	13.2514066696167	31667	13.26001071929932	950115	13.27439594268799	127040	13.35970401763916	811030	13.61495399475098	317002	13.66229057312012	887668	13.68735408782959	965818	13.79819011688232	525341	13.86791133880615	49796	14.09517288208008	918727	14.32622814178467	778697	14.36347579956055	759272	14.46684646606445	162418	14.85877513885498	468594	14.87905883789062	680617	15.06589508056641	87427	15.09751415252686	
201639	9.629709243774414	469683	9.874537467956543	252833	10.14026260375977	793787	10.17530727386475	793791	10.19015693664551	748418	10.25595283508301	254423	10.37184524536133	369810	10.37215232849121	376435	10.37390041351318	127304	10.37456512451172	67225	10.41887378692627	634211	10.45050811767578	853603	10.45169353485107	22831	10.48973274230957	273583	10.54151821136475	933641	10.64496231079102	802051	10.64791870117188	468990	10.65487480163574	727407	10.65933227539062	92590	10.83734703063965	
175666	13.23298072814941	372409	13.58566665649414	72488	13.61525249481201	318032	13.70647621154785	97334	13.72864818572998	707235	13.7439022064209	325449	13.77505970001221	162882	13.81515502929688	541615	13.82238674163818	67462	13.8939847946167	863117	13.95176792144775	45707	13.96757411956787	729035	14.10498332977295	10499	14.18862915039062	787480	14.31852626800537	332654	14.34378910064697	905183	14.43291473388672	718514	14.54548358917236	775069	14.60223770141602	628101	14.6491174697876	
42011	18.29380989074707	403502	18.39771842956543	939610	18.65053939819336	153428	18.66656494140625	907446	18.6728343963623	800926	18.67744255065918	944183	18.75785064697266	285358	18.85952377319336	189973	18.88221168518066	982168	18.89839935302734	928234	18.95036888122559	150985	18.97181701660156	645546	18.97346878051758	590724	19.0251579284668	439332	19.04170227050781	214562	19.04726982116699	390324	19.04822731018066	62929	19.12345886230469	930534	19.12646484375	588333	19.14664840698242	
913306	16.89322280883789	478138	17.84342384338379	283524	17.87991142272949	935247	18.13706398010254	754102	18.31075668334961	692536	18.35526466369629	898660	18.38264083862305	814002	19.17492294311523	660324	19.34963989257812	284838	19.38620758056641	925826	19.43243598937988	29224	19.63784027099609	180521	19.64749336242676	834082	19.67758178710938	987881	19.70058822631836	499345	19.71563148498535	963868	19.71809005737305	880778	19.73564720153809	717177	19.7912425994873	889448	19.85690689086914	
391878	9.892239570617676	312400	10.3046178817749	754373	10.59719085693359	617794	10.60966014862061	308943	10.62364959716797	917859	10.71656703948975	323867	10.73591709136963	864444	10.80945205688477	959532	10.86090660095215	855969	10.90238571166992	961109	10.96397113800049	276182	11.00626945495605	239308	11.01719856262207	237375	11.04798126220703	13328	11.10210514068604	639561	11.10889148712158	235359	11.11556339263916	459402	11.15936470031738	199252	11.16768932342529	706389	11.16932678222656	
181500	17.40409660339355	904730	17.47823143005371	462281	17.82366180419922	127337	17.99358177185059	563065	18.11812973022461	872977	18.12078285217285	211128	18.29400444030762	522431	18.42086982727051	372411	18.59429359436035	938068	18.75922966003418	601100	18.79372406005859	373045	18.79549407958984	571369	18.79921913146973	162160	18.82230758666992	856793	18.92000579833984	332163	18.95204162597656	27769	18.96224784851074	969294	18.97477340698242	952631	19.05179595947266	899606	19.17090606689453	
303202	22.81186103820801	76794	23.52890586853027	488691	23.80672264099121	98608	24.12017822265625	72918	24.75111198425293	781697	24.86477661132812	525505	25.22241401672363	311558	25.31057167053223	414886	25.33436012268066	936319	25.60837936401367	454830	25.75832939147949	863883	25.77103805541992	630349	25.82320594787598	242048	25.82411575317383	765785	25.89845848083496	252455	26.0633659362793	489154	26.15621185302734	885291	26.31299209594727	219759	26.31711006164551	824717	26.33618927001953	
349889	10.86273193359375	689821	11.14743423461914	454769	11.5961275100708	211543	11.63838672637939	90633	11.7579231262207	780923	11.82843399047852	471273	11.83729076385498	648559	11.89774990081787	47889	11.96021175384521	222064	11.97834014892578	381148	12.04692649841309	314003	12.11813926696777	669229	12.23559188842773	275783	12.25758457183838	784802	12.28420734405518	493475	12.30702590942383	500653	12.31307983398438	60744	12.34736061096191	544401	12.35701274871826	37396	12.36431407928467	
551887	14.01110649108887	170078	14.81199741363525	737471	15.03579998016357	30755	15.12325572967529	975876	15.41574668884277	510758	15.49425220489502	58925	15.83521842956543	25989	15.8561954498291	422184	15.97664260864258	925106	16.22871208190918	498255	16.28427505493164	209015	16.39239501953125	892189	16.42324066162109	167847	16.80397987365723	120421	16.89540672302246	434549	16.9385929107666	264507	16.95097160339355	452852	16.95474815368652	438837	16.99036598205566	842348	17.02241516113281	
42484	11.11838150024414	349332	11.18112087249756	338116	11.80053520202637	6457	11.81697940826416	302535	11.86399841308594	392951	11.86611557006836	134930	11.88230228424072	787523	11.88280200958252	681749	11.94921970367432	989333	11.95646095275879	352898	11.99241352081299	954803	12.02001094818115	101449	12.08181285858154	413889	12.10010433197021	182411	12.11405754089355	464256	12.12510585784912	535987	12.13495826721191	918237	12.21799278259277	49118	12.24842071533203	384517	12.25651454925537	
241189	6.888051986694336	763499	7.905403137207031	397078	7.972286224365234	265728	8.001481056213379	945158	8.098010063171387	87269	8.2198486328125	485868	8.269084930419922	302229	8.348911285400391	55282	8.349823951721191	961376	8.361565589904785	691314	8.37321662902832	737667	8.414586067199707	235039	8.468654632568359	237386	8.56435489654541	149004	8.574202537536621	386241	8.575523376464844	456925	8.614950180053711	159300	8.622694969177246	69128	8.63616943359375	969258	8.666007041931152	
796239	22.22283935546875	575093	23.61092758178711	549314	24.36662673950195	391570	24.72849273681641	654921	24.7702522277832	401068	24.82564163208008	876274	25.10598754882812	822011	25.10847091674805	506281	25.11850357055664	900264	25.16426277160645	487184	25.16580963134766	590269	25.21173095703125	200576	25.35129165649414	409888	25.39083480834961	699912	25.51936912536621	722654	25.59956550598145	583609	25.62132835388184	362789	25.64762496948242	483248	25.70379066467285	490571	25.74443435668945	
852692	13.68748378753662	197736	14.15420246124268	925391	14.32657146453857	550870	14.40131855010986	498488	14.47495365142822	577590	14.53480625152588	762127	14.72552680969238	967998	14.72923851013184	398720	14.73145294189453	316670	14.82069778442383	296483	14.86108112335205	302245	15.12526893615723	897598	15.12961483001709	507309	15.14913082122803	950200	15.20757961273193	394952	15.23821640014648	366510	15.25495719909668	317885	15.29462909698486	922582	15.3037223815918	540707	15.3874626159668	
869315	12.71206569671631	488750	13.21595764160156	256516	13.29537105560303	915122	13.4031229019165	467526	13.42250633239746	76496	13.43203830718994	81114	13.4765739440918	83846	13.50548839569092	739100	13.69214153289795	555622	13.70055866241455	124332	13.71895694732666	908568	13.7322359085083	129210	13.76899337768555	682761	13.78678703308105	180578	13.79038715362549	86744	13.80403614044189	181654	13.81359958648682	688109	13.85938167572021	62571	13.90526676177979	969557	13.90566444396973	
792359	13.27812767028809	389746	13.39717197418213	89489	13.4880895614624	474395	13.56257343292236	245882	13.60480499267578	496564	13.74080944061279	887510	13.7596549987793	390483	14.03467178344727	161969	14.05039596557617	682796	14.23019695281982	706170	14.26690292358398	559880	14.30044460296631	518217	14.32877254486084	385772	14.42690658569336	364068	14.50237083435059	104510	14.54068851470947	451444	14.59476661682129	46654	14.59849166870117	401016	14.61939144134521	440794	14.6348934173584	
812965	20.11041069030762	933330	20.27157402038574	786646	20.47645568847656	738828	20.93854141235352	623175	21.11104965209961	558115	21.43570137023926	795021	21.53678703308105	859289	21.64516067504883	845449	21.71242904663086	32585	21.78015327453613	329271	21.88834571838379	72133	22.0003833770752	635972	22.03060913085938	223991	22.04084014892578	816496	22.09068870544434	319045	22.11189842224121	797809	22.17855644226074	417920	22.2966136932373	40445	22.35846138000488	573700	22.44494247436523	
498911	18.84896087646484	766434	19.1834888458252	522705	19.84532356262207	958573	19.89090538024902	569045	20.26840209960938	344484	20.28888893127441	191317	20.29072570800781	735876	20.52466583251953	626004	20.53696823120117	59320	20.70909118652344	615350	20.80969619750977	510435	20.86825180053711	13407	20.88790893554688	644626	21.01914978027344	628244	21.10276985168457	703364	21.44232177734375	191319	21.55134010314941	310048	21.61153984069824	887944	21.65384101867676	702489	21.66183280944824	
413297	19.14174652099609	564367	19.41561126708984	348839	19.71198654174805	930258	20.10606575012207	382770	20.14038848876953	797912	20.1436710357666	467813	20.14810943603516	270604	20.23487663269043	73770	20.28635025024414	106294	20.32801628112793	757306	20.36503982543945	778512	20.3929386138916	188092	20.47710037231445	747539	20.51393890380859	942575	20.51815032958984	486906	20.56818389892578	752400	20.62115097045898	573188	20.62151527404785	384545	20.63331604003906	543230	20.66936492919922	
260927	7.10376501083374	647891	7.442187786102295	111990	7.458666801452637	458957	7.649697780609131	632547	7.663863182067871	479184	7.676247119903564	169032	7.706009387969971	776267	7.725513935089111	292857	7.784965991973877	630739	7.801790237426758	953706	7.813804149627686	453090	7.82072639465332	421565	7.829279899597168	462007	7.829450130462646	728764	7.831559658050537	755339	7.849509716033936	155721	7.866036415100098	662548	7.869282245635986	41528	7.879863739013672	932127	7.915922164916992	
8505	22.23841285705566	572175	24.60094261169434	931281	24.8166561126709	602040	24.96172142028809	619327	25.2648983001709	122491	26.10916328430176	36861	26.26148796081543	198620	26.77373695373535	418000	26.87177467346191	617812	27.01355934143066	480511	27.72494506835938	226939	27.95170593261719	61903	28.08908462524414	301742	28.13353538513184	213504	28.48036003112793	712908	28.52276039123535	290853	28.57530975341797	362686	28.70248603820801	106205	28.8139476776123	396336	28.83793067932129	
105857	15.24247550964355	587463	17.1355094909668	294247	17.57927894592285	277210	18.01811599731445	96704	18.0268669128418	745232	18.237060546875	568330	18.31759834289551	210228	18.32089424133301	68406	18.35487747192383	959523	18.38247680664062	267692	18.59031677246094	908829	18.64325141906738	875063	18.66067695617676	260330	18.69202995300293	753390	18.77685356140137	457544	18.80398559570312	729513	18.83307075500488	13161	18.924072265625	609639	18.95680236816406	229651	19.21943283081055	
201911	26.3101806640625	203730	26.6471996307373	315190	26.82830429077148	661161	26.83816528320312	108823	27.63893127441406	964860	28.17105865478516	238663	28.21775054931641	883934	28.2710075378418	303608	28.30217933654785	802093	28.43919944763184	739753	28.44476699829102	306900	28.64002227783203	815560	28.72339248657227	219518	28.82707977294922	204222	29.12104225158691	858715	29.66996574401855	961479	29.81773567199707	110385	29.85361671447754	310697	29.85857772827148	268647	29.87217712402344	
