200 20
13736	6.785532474517822	11126	6.807436466217041	37085	6.812940120697021	7519	6.911869525909424	36191	7.26309871673584	57925	7.309224605560303	8937	7.33928108215332	2953	7.339970111846924	42948	7.342665672302246	65553	7.363382816314697	68566	7.399600505828857	55734	7.425447940826416	10552	7.425868034362793	41154	7.445236206054688	24330	7.470111846923828	17629	7.472661972045898	18481	7.473924160003662	55259	7.489053726196289	15821	7.492763519287109	16756	7.501384258270264	
50535	4.326846599578857	43402	4.399629592895508	5103	4.521112442016602	22946	4.603461742401123	46742	4.665120601654053	9664	4.740691661834717	24702	4.781215667724609	27671	4.792105197906494	57974	4.819589138031006	47592	4.832380771636963	63137	4.872582912445068	9910	4.875400543212891	51411	4.882182598114014	65908	4.922486305236816	28991	4.926760196685791	61699	4.935275077819824	18849	4.942728519439697	13654	4.951959609985352	20849	4.957274913787842	7347	4.968395709991455	
24720	5.404788017272949	27811	5.411359310150146	13411	5.578109264373779	18266	5.678014755249023	39233	5.685159206390381	256	5.704958915710449	54300	5.755885601043701	52479	5.784104347229004	46550	5.786772727966309	29452	5.834036827087402	48786	5.924339294433594	31845	6.011210441589355	40744	6.032261371612549	46200	6.032628059387207	61064	6.043746948242188	61405	6.071230411529541	59838	6.108855724334717	7696	6.133729457855225	17976	6.151388168334961	25458	6.155927658081055	
54784	3.845203399658203	2350	3.846016883850098	55844	4.20948314666748	50443	4.39237642288208	33133	4.640905857086182	35905	4.650006294250488	24998	4.658237934112549	51833	4.787391662597656	20462	4.797287464141846	68481	4.898845195770264	47812	4.938913822174072	12415	4.944822788238525	43591	4.989808559417725	61307	5.013593196868896	35136	5.020817756652832	46768	5.076350212097168	44405	5.079836368560791	40084	5.200296401977539	17060	5.213114738464355	32917	5.247616291046143	
16032	5.378042697906494	45712	6.197427272796631	49786	6.21700382232666	19722	6.257695198059082	39421	6.268809795379639	14688	6.26920747756958	8432	6.292964458465576	45768	6.332937717437744	41420	6.359082221984863	29253	6.400256156921387	35176	6.405478000640869	6909	6.418749332427979	58174	6.425811767578125	6873	6.439337730407715	51183	6.45276927947998	29207	6.458633422851562	4342	6.500638484954834	9536	6.517712116241455	47571	6.526812076568604	54129	6.549821853637695	
42034	4.087355613708496	60724	4.646235942840576	49829	4.800137519836426	59901	4.866038799285889	26056	5.015515327453613	45541	5.162024974822998	1306	5.316047191619873	48137	5.343942165374756	6394	5.408927440643311	67088	5.440472602844238	58499	5.517033100128174	66490	5.560042381286621	46336	5.605166912078857	40933	5.715647220611572	49076	5.741962432861328	39346	5.778251647949219	133	5.797769069671631	2231	5.819578647613525	65220	5.891961097717285	43460	5.910309314727783	
67937	5.550973415374756	32211	6.264902114868164	36351	6.288198471069336	54572	6.517105102539062	38492	6.66143274307251	30537	6.669716835021973	67180	6.679884910583496	9459	6.750678062438965	47826	6.795255184173584	4675	6.800498485565186	32572	6.80394983291626	63225	6.815090656280518	5778	6.829408645629883	40527	6.837104797363281	44680	6.839242935180664	30884	6.839919567108154	14860	6.853431224822998	62622	6.896409511566162	47219	6.94788646697998	61952	6.997254848480225	
30813	4.184385299682617	28860	4.255680561065674	9257	4.50190544128418	6400	4.570042133331299	28867	4.737836837768555	34312	4.865474700927734	39392	4.917915821075439	36120	4.92855978012085	16970	5.06543493270874	25758	5.085763454437256	27415	5.099725723266602	67399	5.141089916229248	62835	5.200252532958984	64988	5.215844631195068	47838	5.231321334838867	34323	5.24529504776001	30058	5.268808364868164	46203	5.281315326690674	13176	5.282500743865967	44119	5.311551094055176	
49596	5.824814796447754	14207	6.249642848968506	22579	6.346428871154785	13089	6.531814575195312	6291	6.718011379241943	57893	6.907105922698975	3603	7.023348331451416	13156	7.120713710784912	49720	7.130726337432861	27468	7.184350490570068	28067	7.228786468505859	48425	7.307118892669678	59413	7.321397304534912	46436	7.404691696166992	68075	7.43053150177002	56199	7.437390327453613	47293	7.449930191040039	14105	7.475904941558838	50725	7.512167453765869	10120	7.548889636993408	
33430	2.377357244491577	40919	2.759179592132568	49636	2.83852744102478	24554	3.06658411026001	56648	3.143162965774536	63721	3.408799409866333	57487	3.413280248641968	52575	3.421117782592773	27171	3.421937227249146	37052	3.512783527374268	10715	3.561470746994019	3654	3.593017101287842	35377	3.639868497848511	16237	3.654058218002319	326	3.661355495452881	41860	3.700404405593872	55465	3.731587648391724	60627	3.740370750427246	32758	3.789223909378052	8462	3.813681602478027	
33950	5.050743579864502	44042	5.488076210021973	53678	5.905683040618896	54660	6.013119697570801	32536	6.018313884735107	52047	6.217156410217285	22450	6.29826021194458	13208	6.317943572998047	30681	6.473920345306396	29546	6.493475437164307	53767	6.496456146240234	14043	6.509622097015381	59144	6.520064830780029	54423	6.528158664703369	31838	6.576700687408447	30196	6.582804679870605	48002	6.613401889801025	61656	6.620877265930176	38198	6.629502296447754	42741	6.648617267608643	
31294	5.161620616912842	5188	6.277430534362793	40617	6.615170001983643	6751	6.624203681945801	9964	6.632179737091064	65413	6.634770393371582	6239	6.654123306274414	68382	6.726729393005371	36656	6.743966102600098	55417	6.761087894439697	45430	6.782727718353271	43581	6.7828369140625	9110	6.789314270019531	65416	6.802756309509277	10334	6.824468612670898	10926	6.84813404083252	36595	6.857157707214355	30036	6.859537601470947	22410	6.864215850830078	42508	6.90137767791748	
43704	5.372074127197266	16992	5.50205659866333	50479	6.121832370758057	45186	6.235556602478027	19490	6.259501934051514	36276	6.281107425689697	27483	6.356902599334717	53384	6.387942314147949	38967	6.393524646759033	51077	6.406580924987793	22771	6.447774887084961	4233	6.48354959487915	57577	6.520859241485596	54337	6.587101459503174	5549	6.602899551391602	46097	6.611532688140869	6867	6.613775730133057	40215	6.616386413574219	8534	6.632384300231934	18872	6.658124446868896	
64869	3.476456642150879	58428	3.564774751663208	43484	3.690239667892456	6060	3.943674802780151	11012	4.17523717880249	2788	4.215412616729736	54299	4.344033718109131	65367	4.347413539886475	67792	4.396737575531006	20652	4.457264423370361	53877	4.532388687133789	66824	4.563352108001709	16093	4.587139129638672	15436	4.615128040313721	13809	4.622730255126953	61468	4.684319972991943	65449	4.728231430053711	13533	4.732175350189209	51921	4.769680023193359	62059	4.769785404205322	
55909	5.065219879150391	22612	5.0793776512146	476	5.202915191650391	31014	5.252903461456299	44742	5.713228702545166	35453	5.727594375610352	35798	5.730965137481689	44351	5.747282028198242	42032	5.763399600982666	14977	5.81497049331665	45954	6.019711494445801	68389	6.083251476287842	49402	6.094911098480225	64968	6.128848552703857	39190	6.128851890563965	27072	6.129995822906494	1832	6.138921737670898	65495	6.212203025817871	51907	6.229323863983154	30864	6.260053157806396	
21676	3.893884658813477	26677	4.00684642791748	11005	4.068885803222656	4345	4.252633571624756	61245	4.335997104644775	57491	4.381543636322021	27340	4.521265506744385	48843	4.565731048583984	58088	4.59927225112915	45531	4.607086181640625	30415	4.65885591506958	50649	4.67242431640625	9943	4.695644855499268	27551	4.6993088722229	14766	4.849839687347412	55752	4.927371025085449	47698	5.041796684265137	13222	5.047965049743652	61901	5.066094875335693	34192	5.085176944732666	
10402	2.621535778045654	12746	2.884992599487305	35991	2.941931009292603	25381	3.017546415328979	43693	3.064768314361572	10715	3.067132949829102	4397	3.255220651626587	12913	3.274236917495728	45038	3.280690908432007	13601	3.303231954574585	29686	3.327879905700684	53904	3.335850477218628	48754	3.358755350112915	64405	3.363122224807739	23092	3.41463828086853	48091	3.438044309616089	64223	3.439888000488281	21110	3.488397121429443	8462	3.513998985290527	11784	3.526472568511963	
17802	5.202742576599121	22567	5.723685741424561	42969	5.78815746307373	636	6.005341053009033	62285	6.184582710266113	37143	6.187022686004639	37662	6.207427501678467	32235	6.265326023101807	61219	6.376110076904297	53342	6.38047981262207	25356	6.410427093505859	2811	6.443200588226318	26589	6.464616775512695	31024	6.501797676086426	1895	6.505979061126709	5013	6.543333530426025	2517	6.553102970123291	2717	6.609643936157227	4477	6.621273517608643	23775	6.650821208953857	
2313	1.806167006492615	10543	1.911329388618469	29949	1.922481060028076	41323	1.959702372550964	22436	1.998469948768616	53294	2.076322317123413	774	2.120553731918335	65724	2.207254409790039	22466	2.284555435180664	56766	2.300129413604736	14283	2.347640752792358	27146	2.406242370605469	40060	2.490285396575928	51225	2.51604700088501	39047	2.525045394897461	56179	2.636151790618896	37471	2.645634889602661	2766	2.656184434890747	41898	2.661418914794922	59868	2.706666469573975	
50210	3.963806390762329	48985	4.128321647644043	62469	4.163505554199219	18483	4.215583801269531	66540	4.343708038330078	47135	4.428441047668457	44467	4.453146457672119	25326	4.480742931365967	6399	4.531725883483887	18293	4.568459510803223	44058	4.609025955200195	44988	4.697432994842529	64743	4.741153240203857	33354	4.763532161712646	63312	4.769394397735596	57283	4.778305053710938	34339	4.84334659576416	17393	4.881006717681885	10096	4.890206813812256	40821	4.904224872589111	
51454	1.494570374488831	55571	1.526654124259949	68313	1.614715337753296	67602	1.634969592094421	34585	1.656513571739197	66975	1.776397109031677	40222	1.826655507087708	62490	1.88016664981842	67948	1.898727893829346	28969	1.930013537406921	36376	1.93092143535614	30525	1.948786973953247	20037	1.972860932350159	5125	2.042313098907471	43153	2.048339366912842	3575	2.082338094711304	5062	2.092354774475098	16323	2.095186233520508	45001	2.124028205871582	64884	2.138308763504028	
41650	5.865587711334229	20605	6.01731014251709	14571	6.102825164794922	61730	6.131625175476074	49822	6.18308162689209	24747	6.243424892425537	44013	6.276970386505127	32675	6.399657249450684	40746	6.40410852432251	15836	6.428343772888184	38500	6.441121101379395	53937	6.450076580047607	28642	6.462323188781738	14022	6.480268478393555	51027	6.492023468017578	24177	6.494221687316895	46920	6.525697708129883	36379	6.530272006988525	18752	6.553919315338135	23147	6.577648639678955	
19866	3.779275894165039	59671	4.46102237701416	773	4.725181579589844	68771	4.88295841217041	8683	4.995139598846436	13593	5.09581995010376	34238	5.29635763168335	1669	5.298033714294434	20714	5.414452075958252	58859	5.451917171478271	44561	5.518324851989746	64628	5.522011756896973	63694	5.534432411193848	7518	5.53704309463501	56122	5.544249057769775	50569	5.54585599899292	7244	5.546283721923828	49359	5.566869735717773	16973	5.582503795623779	61708	5.601807594299316	
57380	4.842908382415771	67943	5.192673206329346	735	5.495021820068359	24870	5.657656192779541	65517	6.11388111114502	16025	6.115224838256836	13910	6.126441955566406	15785	6.144917011260986	11737	6.228615283966064	34447	6.25147008895874	61078	6.264049530029297	15291	6.270565509796143	60203	6.277204036712646	9966	6.282923221588135	11013	6.288645267486572	54711	6.317872524261475	1808	6.417639255523682	65336	6.438675403594971	9742	6.486478328704834	48473	6.49033260345459	
42427	5.045106410980225	20413	5.181282043457031	52111	5.185186862945557	56215	5.185951709747314	15397	5.268742084503174	58101	5.308423042297363	14042	5.405174732208252	24127	5.459602832794189	53649	5.576446056365967	68370	5.722861766815186	32644	5.752492427825928	33787	5.814704895019531	14290	5.881253719329834	15456	5.8880934715271	48393	5.913329124450684	3051	5.98345422744751	14416	5.994426250457764	66502	6.054713726043701	47951	6.058528900146484	39430	6.109424114227295	
19023	4.629686832427979	38352	4.725605487823486	32511	4.924821853637695	51465	4.982793807983398	37265	5.096126556396484	64389	5.100559711456299	22503	5.115504741668701	23254	5.139963150024414	28555	5.187530994415283	40724	5.191260814666748	37628	5.202695369720459	34755	5.211383819580078	8957	5.238237857818604	32676	5.252457141876221	62186	5.395740985870361	6746	5.416643619537354	43422	5.45965051651001	65843	5.47519588470459	39654	5.480577945709229	37523	5.498009204864502	
26508	3.796112775802612	57514	4.688743114471436	49953	4.817479133605957	24183	4.820861339569092	15026	4.835419178009033	25149	4.845897197723389	27099	4.846953868865967	50341	4.8659987449646	31468	4.881613731384277	41595	4.882927894592285	20272	4.906853675842285	62445	4.920740127563477	45001	4.946919918060303	20558	4.961280345916748	68865	4.971083641052246	15767	4.999283790588379	21429	5.007602214813232	18845	5.026931762695312	56470	5.03463888168335	12134	5.03587007522583	
35761	1.679658651351929	68773	1.824001789093018	64461	1.887403726577759	43129	2.099801540374756	47634	2.131371736526489	64496	2.158498287200928	61303	2.186160802841187	28068	2.268531560897827	27213	2.302047729492188	62608	2.311158895492554	19302	2.338715314865112	55994	2.345281362533569	55001	2.354737997055054	56294	2.387368679046631	31282	2.427434921264648	65565	2.432052373886108	11167	2.433079242706299	56469	2.435556173324585	21555	2.456583261489868	33279	2.458101272583008	
5411	5.087612628936768	25798	5.333940029144287	52829	5.337018013000488	48275	5.348003387451172	38832	5.367910861968994	4769	5.401449203491211	44967	5.422598361968994	53263	5.428242206573486	64155	5.44947338104248	42052	5.480682849884033	51370	5.516740798950195	5521	5.575668334960938	14099	5.576475143432617	39351	5.580887317657471	44633	5.635382175445557	21728	5.671121120452881	35461	5.678933620452881	44211	5.68919563293457	11188	5.713474750518799	66382	5.728426933288574	
1198	3.151755809783936	28074	3.505462884902954	52271	3.634988307952881	29354	3.71190619468689	49003	3.898416042327881	19963	3.924175262451172	25413	3.945200681686401	28072	4.113884449005127	37611	4.123995304107666	44760	4.154047966003418	125	4.233140468597412	34023	4.268163681030273	5338	4.275774002075195	34888	4.288951873779297	55485	4.319901466369629	818	4.324944496154785	53669	4.376489162445068	53327	4.425381183624268	68066	4.435283660888672	14603	4.436986446380615	
28766	4.701091766357422	9571	4.861363887786865	28614	5.098892211914062	3067	5.203599452972412	21285	5.264548778533936	66274	5.283398628234863	48312	5.330938816070557	66183	5.352212429046631	18053	5.38782262802124	47351	5.39411735534668	66445	5.408836841583252	35996	5.409341335296631	48573	5.427722454071045	63162	5.456994533538818	135	5.45925235748291	33529	5.468208789825439	23589	5.471894264221191	56313	5.489808082580566	57065	5.514289855957031	51370	5.514290809631348	
5306	4.161675453186035	27940	4.474526882171631	33707	4.872431755065918	27511	5.227295398712158	20498	5.276217460632324	32111	5.296169281005859	53468	5.298615455627441	30850	5.427290439605713	37386	5.466988563537598	61562	5.490109443664551	28075	5.508196353912354	6232	5.522831439971924	38883	5.522905826568604	51879	5.528799057006836	28144	5.536707878112793	37710	5.538275241851807	5787	5.55197811126709	52264	5.552700042724609	2047	5.556995391845703	50204	5.558032035827637	
1760	5.416826725006104	23547	5.490962505340576	21878	5.597426891326904	63234	5.619067668914795	57453	5.648314952850342	61005	5.654916763305664	31099	5.663898468017578	6303	5.66967248916626	36160	5.729753971099854	13866	5.734992504119873	43378	5.73937463760376	55225	5.758650779724121	259	5.778239250183105	24092	5.818496227264404	23197	5.860076904296875	50391	5.863872528076172	68765	5.884025573730469	11282	5.884228706359863	9562	5.89011812210083	9503	5.910712242126465	
40024	6.091523170471191	31694	6.101613521575928	58022	6.238840579986572	43429	6.266314506530762	51447	6.309786319732666	33456	6.384095191955566	14494	6.432314395904541	10567	6.460747241973877	64409	6.484209537506104	31102	6.601653575897217	2867	6.785812377929688	23862	6.809444427490234	9852	6.842758655548096	7059	6.866158962249756	7140	6.867058277130127	33237	6.868436336517334	11544	6.875458717346191	29942	6.87546968460083	47916	6.907519817352295	3516	6.916553497314453	
3656	6.106086254119873	41579	6.183435916900635	47559	6.345812320709229	29279	6.482470989227295	5316	6.525266647338867	56829	6.563928127288818	38590	6.565750598907471	63952	6.598286151885986	66840	6.615167617797852	16443	6.629494190216064	48294	6.711506843566895	24406	6.725228786468506	3857	6.762871742248535	3792	6.788491249084473	60917	6.813206672668457	54708	6.824453353881836	42028	6.852513790130615	53000	6.876761436462402	51130	6.888739585876465	5098	6.89397668838501	
21627	1.579043984413147	34715	1.581102252006531	11650	1.680038690567017	4870	1.780526161193848	6130	1.793418049812317	34876	1.834736943244934	47534	1.865368962287903	58734	1.883092284202576	58932	1.896304607391357	23269	1.986703157424927	61416	2.059615135192871	6798	2.092501640319824	24982	2.103098154067993	5320	2.147111654281616	20117	2.165849208831787	25089	2.178610801696777	49777	2.198611974716187	50022	2.215741634368896	18418	2.22379207611084	45369	2.26279616355896	
44104	3.804094791412354	61989	4.070703029632568	34380	4.107307434082031	64451	4.730189323425293	54390	5.091897964477539	298	5.272671699523926	67385	5.388475894927979	66642	5.400475025177002	60758	5.444761753082275	26772	5.471794128417969	61700	5.550810813903809	47582	5.610756397247314	57468	5.709772109985352	35157	5.757797718048096	28523	5.798182964324951	4936	5.870632648468018	56151	5.896272659301758	913	5.91995096206665	27176	5.960765838623047	63894	6.014256954193115	
53275	4.035907745361328	64588	4.315267562866211	33031	4.357038497924805	53791	4.429673194885254	5762	4.476025581359863	32845	4.510647296905518	17611	4.589166641235352	13994	4.599092483520508	15431	4.608194828033447	44593	4.886453628540039	64910	4.973257064819336	37250	4.975732326507568	12224	5.040287017822266	19141	5.096075534820557	28621	5.129421234130859	66447	5.140913486480713	51448	5.154080390930176	17463	5.178671836853027	6526	5.2145676612854	25744	5.299502372741699	
24928	3.052509546279907	16925	4.022326469421387	1276	4.169393062591553	23547	4.422857284545898	38788	4.489983081817627	55665	4.551229476928711	8267	4.564705848693848	25513	4.601294040679932	65769	4.686634063720703	61005	4.751777648925781	8634	4.792153358459473	30824	4.82560920715332	59559	4.91257381439209	32600	4.929019451141357	63959	4.938852310180664	28630	4.9490647315979	25952	4.957236289978027	60307	5.025639533996582	36216	5.034509181976318	10190	5.058322429656982	
63430	2.728219270706177	63247	2.872361183166504	12293	2.934298038482666	56134	2.966097116470337	7636	3.012364387512207	52978	3.025118350982666	27810	3.106067180633545	28055	3.156933069229126	31729	3.160345077514648	68820	3.245959520339966	43849	3.267313718795776	29089	3.283640623092651	53009	3.289772748947144	60388	3.327101469039917	59216	3.33459734916687	20131	3.38871169090271	66886	3.418101072311401	8274	3.462300300598145	51118	3.465208530426025	66064	3.47395920753479	
26128	3.549309730529785	55733	3.71276068687439	44681	3.915255546569824	59778	3.954242944717407	14647	3.966358184814453	43935	4.058444976806641	39241	4.061012744903564	63613	4.081870555877686	7783	4.201863765716553	42067	4.20991849899292	24900	4.210831642150879	35342	4.25861930847168	40298	4.270156860351562	10719	4.273658752441406	23033	4.289669036865234	44782	4.295714855194092	2001	4.324697494506836	49994	4.337313652038574	123	4.363317966461182	60480	4.367519855499268	
32400	5.928433895111084	32847	6.030060768127441	24901	6.127363204956055	24941	6.194746971130371	58957	6.206943035125732	33539	6.227670192718506	7032	6.295892715454102	19038	6.308676719665527	8728	6.375385761260986	45595	6.405117034912109	30738	6.467763423919678	23605	6.477874755859375	17791	6.499831199645996	37657	6.529409885406494	10230	6.535564422607422	32149	6.548799514770508	28053	6.558309078216553	31456	6.575157165527344	6866	6.610122203826904	62865	6.618708610534668	
42376	4.095356464385986	36518	4.376530170440674	53106	4.459429740905762	56785	4.608123779296875	62534	4.775237083435059	19363	4.783527374267578	53760	4.840860843658447	50846	4.863609313964844	61892	4.954153060913086	9124	5.047765731811523	58986	5.184464454650879	34040	5.233534336090088	15955	5.243539810180664	16729	5.255224704742432	51804	5.308337688446045	28785	5.350099563598633	65261	5.356567859649658	7167	5.417095184326172	5410	5.421099662780762	34373	5.421844005584717	
46464	4.733816146850586	25453	4.79780101776123	33924	4.807355880737305	12689	4.903103351593018	58407	4.95573616027832	325	4.96978759765625	7536	4.970049381256104	1979	4.9769606590271	23459	4.981969356536865	41887	5.008764743804932	33933	5.046769618988037	47698	5.101436138153076	49286	5.1145920753479	63487	5.267651557922363	18623	5.275460243225098	44485	5.289800643920898	5680	5.298435688018799	66365	5.350672245025635	19633	5.354326248168945	7081	5.367697238922119	
60970	3.412161588668823	30506	3.536765813827515	64438	3.862504005432129	51501	4.050817012786865	8469	4.076466083526611	65926	4.222657203674316	9316	4.289070129394531	54482	4.349607944488525	47543	4.407179355621338	42151	4.418601989746094	56252	4.484333515167236	59499	4.488380908966064	63122	4.494186878204346	25213	4.503407001495361	30232	4.545639038085938	11036	4.582657337188721	67089	4.598133087158203	62430	4.633137702941895	23119	4.729946613311768	46287	4.752673625946045	
8447	1.871361136436462	33497	1.935222148895264	47517	1.942091584205627	56403	1.98041570186615	60110	2.013881206512451	63632	2.014514923095703	46916	2.022682428359985	4974	2.027503967285156	62921	2.031251192092896	30661	2.055126905441284	47077	2.060156345367432	16192	2.069310665130615	49055	2.075869798660278	45217	2.088392972946167	10210	2.101917266845703	35227	2.121612548828125	29500	2.124089956283569	67146	2.131905555725098	47746	2.133362054824829	46544	2.153120040893555	
29586	3.982856035232544	6617	4.349252223968506	61304	4.404489994049072	27863	4.46916389465332	47742	4.518664360046387	60152	4.564061641693115	64336	4.700522899627686	6168	4.72881031036377	57454	4.911400318145752	33763	4.917863845825195	45663	5.04096794128418	47371	5.080311298370361	4845	5.084324836730957	17893	5.108515739440918	18586	5.175685882568359	49029	5.202590465545654	6458	5.270881652832031	30986	5.271872997283936	56896	5.27592134475708	55645	5.296963691711426	
23431	4.379813671112061	65599	4.523486614227295	42053	4.957338333129883	24389	4.982081890106201	59691	5.075803279876709	56566	5.078547477722168	54889	5.173707962036133	16712	5.398708820343018	57174	5.497411727905273	50273	5.535733699798584	8463	5.624053955078125	53339	5.653238773345947	44207	5.730742454528809	59916	5.741920471191406	28272	5.773651123046875	62960	5.799463748931885	19629	5.815286159515381	7555	5.879444599151611	11337	5.891365528106689	39723	5.904852867126465	
59230	3.526959657669067	11757	3.563238859176636	47587	3.775829315185547	16526	3.90086841583252	54024	4.243455410003662	34071	4.246930122375488	20395	4.26038646697998	1908	4.266996383666992	48621	4.340859413146973	53019	4.456955909729004	26212	4.61212158203125	59162	4.638177394866943	56935	4.721363067626953	48449	4.730068683624268	30032	4.738650798797607	56883	4.763491630554199	53207	4.777480125427246	30347	4.898965358734131	35849	4.938187122344971	52937	4.968919277191162	
67734	5.846398830413818	62800	5.865889072418213	51259	5.881341934204102	33173	6.015213966369629	1870	6.0951828956604	38252	6.105666160583496	53981	6.185129642486572	13013	6.216028690338135	33585	6.232398509979248	24165	6.27106761932373	66135	6.296744823455811	63871	6.404722213745117	34903	6.439390182495117	18990	6.512583255767822	11797	6.521616458892822	14848	6.537871837615967	46002	6.569557189941406	38773	6.577470779418945	25848	6.590885639190674	52447	6.607798099517822	
56597	4.017946720123291	9965	4.250622272491455	29348	4.438467979431152	12338	4.616824150085449	752	4.801461696624756	66253	4.925718784332275	58006	4.96485710144043	65176	4.989202976226807	63537	5.07623291015625	8423	5.196528911590576	46006	5.257909297943115	18419	5.275804996490479	42736	5.425985336303711	35046	5.426885604858398	3497	5.435760021209717	55274	5.474539756774902	67614	5.507062435150146	41131	5.58239221572876	7691	5.586823463439941	56658	5.613154888153076	
46936	3.253073215484619	41658	3.261863231658936	6525	3.318479299545288	50615	3.369859933853149	52534	3.438489437103271	7236	3.496915340423584	46192	3.549548149108887	42577	3.567358016967773	6358	3.581278800964355	55445	3.646960020065308	44839	3.655459403991699	9085	3.662804126739502	60466	3.680861473083496	27380	3.683818817138672	55409	3.686577320098877	68578	3.700300931930542	49105	3.707372188568115	13775	3.707705736160278	6771	3.726447582244873	55044	3.731687068939209	
67356	3.049652099609375	43048	3.169483423233032	24158	3.386078357696533	7391	3.528030157089233	68651	3.596525430679321	27092	3.673885345458984	50878	3.715592861175537	13594	3.768212795257568	19970	3.845269680023193	56291	3.848942995071411	56226	3.853014230728149	52323	3.99345874786377	30744	4.061866760253906	61156	4.097649097442627	67738	4.114211082458496	47427	4.190887451171875	2551	4.20391321182251	61737	4.235119819641113	57165	4.253317356109619	38726	4.272696018218994	
27510	6.005847930908203	68183	6.106619358062744	27855	6.156107425689697	1603	6.353911876678467	30493	6.414303779602051	26667	6.676272869110107	51597	6.677213191986084	4283	6.697786808013916	42082	6.748461246490479	4735	6.755895137786865	57222	6.797416210174561	25268	6.834903240203857	25975	6.836389541625977	33182	6.850907802581787	1459	6.888178825378418	44001	6.92909574508667	43187	6.943223476409912	14083	6.958912372589111	56313	6.974132537841797	65894	7.006107807159424	
12860	2.563751935958862	43499	2.77496600151062	17559	3.023076772689819	62764	3.248417615890503	53614	3.322640419006348	62311	3.330152988433838	41563	3.378466367721558	10856	3.466533660888672	15751	3.595871686935425	61015	3.602577686309814	49583	3.704022645950317	24491	3.849348545074463	1038	3.877537727355957	16280	3.919258832931519	60588	3.932424306869507	68597	3.933206796646118	12565	3.996048450469971	40241	4.009542465209961	33056	4.012945652008057	67828	4.01411771774292	
49268	3.523994922637939	47282	3.798787832260132	39024	3.881373405456543	57360	4.04987907409668	33936	4.174546241760254	68452	4.449470520019531	55951	4.500933170318604	20029	4.528107643127441	61986	4.567211151123047	37476	4.621254920959473	12368	4.677618980407715	48627	4.690483093261719	60316	4.715864181518555	25125	4.739067554473877	22726	4.742664813995361	33773	4.753634452819824	14479	4.754107475280762	23762	4.770373344421387	6331	4.771485328674316	62131	4.786842823028564	
14106	4.726584911346436	16589	4.896863460540771	11539	5.027198791503906	19103	5.049509048461914	51967	5.166484832763672	26155	5.168354034423828	32883	5.175114631652832	52357	5.227510929107666	4251	5.275816440582275	28246	5.31119966506958	17291	5.374267578125	5	5.41672945022583	20137	5.443545818328857	17832	5.448734760284424	55250	5.466702938079834	60595	5.469887256622314	12700	5.475628852844238	29352	5.481455326080322	66648	5.520276546478271	46372	5.531433582305908	
51643	5.341052532196045	17024	5.5040283203125	52568	5.752315521240234	10497	6.07821798324585	11673	6.135056018829346	26924	6.211330413818359	38646	6.249443531036377	30802	6.402151584625244	2802	6.670075416564941	2172	6.874155044555664	58849	6.896148204803467	28733	6.927975654602051	41613	6.945657730102539	6470	6.959436893463135	34191	7.006894588470459	38009	7.030675888061523	64279	7.044855117797852	21754	7.068289279937744	27941	7.117455959320068	31997	7.204582691192627	
66727	5.911335468292236	18605	6.461534976959229	58157	6.645124435424805	26230	6.66312837600708	4560	6.70479154586792	57411	6.750731468200684	3797	6.801620483398438	2747	6.871410369873047	26092	6.919548511505127	42167	6.954997539520264	45900	6.986688137054443	16423	7.013258934020996	65311	7.04174280166626	45414	7.081567287445068	11355	7.105146408081055	43615	7.105304718017578	66905	7.166577816009521	41111	7.238301753997803	52999	7.258692264556885	4042	7.265683174133301	
50076	3.395999193191528	60752	3.810642719268799	36902	3.828553915023804	36330	3.848531246185303	15651	3.940048456192017	34492	3.943981170654297	47940	4.049395084381104	28686	4.084098339080811	58377	4.090840816497803	35584	4.113123416900635	32875	4.118746757507324	52549	4.130435466766357	28558	4.238187313079834	45758	4.244389533996582	64338	4.279160976409912	51120	4.30859375	50397	4.328339099884033	24551	4.338055610656738	30000	4.349645137786865	21503	4.370061874389648	
18173	3.983354330062866	65465	4.330789089202881	6990	4.652801990509033	66932	4.800227165222168	40346	4.808116436004639	57434	4.855726718902588	38564	4.867251396179199	61794	4.901080131530762	65776	4.901560306549072	39640	4.907389163970947	54133	4.935206413269043	20373	4.9761962890625	17416	4.9971604347229	55448	4.998212337493896	43889	5.015594959259033	43381	5.05332088470459	47227	5.065910339355469	43535	5.124685764312744	41804	5.14320182800293	53085	5.165831565856934	
38653	5.068071842193604	45916	5.487944602966309	68523	5.731074333190918	14884	5.752411842346191	12339	6.126553535461426	67977	6.127780914306641	44284	6.227453231811523	47589	6.263763427734375	35261	6.330812931060791	2955	6.336730003356934	36323	6.385192394256592	14154	6.386536598205566	42826	6.391329765319824	26560	6.442708015441895	13287	6.468337059020996	22231	6.480727672576904	36934	6.482306957244873	10356	6.496826648712158	47524	6.551267623901367	5268	6.583766937255859	
55470	4.454799175262451	58514	4.538207530975342	15194	4.600882530212402	16349	4.66689920425415	19043	4.774795055389404	1712	4.820722579956055	29880	4.87311315536499	1388	5.140954971313477	59883	5.164079189300537	17273	5.221951484680176	53493	5.234344959259033	25479	5.309051990509033	28874	5.364727973937988	32498	5.483379364013672	3578	5.50215482711792	23047	5.596022605895996	2517	5.597920894622803	48316	5.605474948883057	29022	5.626694679260254	20146	5.666557788848877	
4748	5.155807495117188	46442	5.464323997497559	16474	5.470778465270996	49001	5.491927146911621	55300	5.666260242462158	1741	5.66638708114624	46060	5.679865837097168	51984	5.710124969482422	20008	5.922275066375732	39465	5.934295654296875	49229	5.939986705780029	59019	5.954226016998291	44598	6.029811859130859	37818	6.030811786651611	27366	6.084220886230469	21952	6.085354328155518	35439	6.09912633895874	14383	6.101883411407471	7355	6.114586353302002	15302	6.16981315612793	
68125	1.83001172542572	2353	1.830188393592834	56656	1.849784016609192	31865	1.872334599494934	13406	1.873036980628967	33224	1.875682592391968	28687	1.907673358917236	57930	1.913006782531738	12091	1.968682289123535	61910	2.041469573974609	8548	2.109621524810791	24115	2.115979909896851	16200	2.119828224182129	25873	2.142440319061279	21132	2.147749185562134	3758	2.165274381637573	12915	2.166225671768188	40788	2.193580627441406	6621	2.193973302841187	16611	2.196943044662476	
34118	3.517529249191284	1061	3.989408493041992	30980	4.133419513702393	10628	4.242935657501221	37234	4.422973155975342	24158	4.524484634399414	31296	4.535086631774902	12499	4.548149585723877	579	4.552670478820801	22476	4.572202205657959	57165	4.573707103729248	7842	4.616898536682129	11949	4.641084671020508	2551	4.641331672668457	30309	4.710014343261719	46213	4.723779678344727	35357	4.758086681365967	68876	4.759737491607666	43048	4.785214900970459	50878	4.84766960144043	
36136	2.643939256668091	66580	3.025504112243652	49138	3.086303949356079	35057	3.100361585617065	6771	3.166165590286255	34439	3.169409275054932	8118	3.199259281158447	30846	3.201174020767212	31517	3.35448956489563	9085	3.407087087631226	30955	3.407763719558716	34293	3.409913778305054	43174	3.492856025695801	54636	3.533785343170166	9549	3.550058841705322	52993	3.5653395652771	46936	3.567864418029785	24120	3.623818159103394	7677	3.626734018325806	51092	3.629648208618164	
38563	6.1609787940979	45694	7.384251594543457	20672	7.407731056213379	53075	7.491569519042969	16503	7.503390312194824	43486	7.520956993103027	25494	7.566298484802246	39957	7.580715179443359	3074	7.587296009063721	28789	7.648870468139648	282	7.665411949157715	12011	7.74538516998291	39780	7.834206581115723	50644	7.838968753814697	18826	7.858613014221191	60212	7.865884304046631	68061	7.871648788452148	12404	7.873912811279297	67558	7.883403778076172	994	7.895995616912842	
46538	4.800874710083008	19471	4.804807186126709	274	4.966938972473145	61029	4.994851589202881	8589	5.222094535827637	18383	5.256061553955078	35851	5.305595874786377	10223	5.521604537963867	1137	5.536844253540039	45872	5.578694820404053	35124	5.613079071044922	52907	5.613429546356201	65384	5.614249229431152	65446	5.661780834197998	59012	5.672953128814697	8779	5.678787231445312	8083	5.692996025085449	46662	5.720583915710449	13223	5.720822811126709	14559	5.784915924072266	
13894	2.817793130874634	42831	2.982136011123657	52463	3.550182580947876	22804	3.756484270095825	45210	4.01442813873291	2371	4.13286018371582	68430	4.149422645568848	15377	4.243565082550049	12632	4.245199203491211	60447	4.282553195953369	2458	4.325352668762207	10312	4.355074405670166	16310	4.381515026092529	55647	4.41405200958252	22977	4.420160293579102	46311	4.471568584442139	19203	4.485338687896729	49254	4.51596736907959	11194	4.526170253753662	41253	4.546030521392822	
1975	5.719207286834717	50263	6.40345573425293	43982	6.41368293762207	61779	6.500993728637695	19019	6.603012561798096	64495	6.603584289550781	9586	6.644129753112793	14630	6.721695423126221	41608	6.729006767272949	62076	6.796046733856201	40394	6.804135322570801	29244	6.806727886199951	61959	6.868869304656982	8149	6.870513916015625	26749	6.895906925201416	36197	6.898506164550781	49987	6.912567615509033	2782	6.921515464782715	23585	7.002401351928711	45762	7.014759063720703	
21000	3.95988655090332	63391	4.009381294250488	15253	4.426849842071533	24629	4.766190052032471	65993	4.886968612670898	51166	4.99680757522583	1865	5.062550067901611	67797	5.089816570281982	64605	5.126700401306152	36460	5.143568515777588	3258	5.179731845855713	34093	5.1926589012146	40352	5.224805355072021	53772	5.242347717285156	17783	5.277571678161621	18781	5.335601806640625	1664	5.337099075317383	59855	5.360439300537109	35057	5.386112689971924	45693	5.392851829528809	
40570	4.876978874206543	34079	5.706521511077881	11835	6.050913333892822	66262	6.088452339172363	47151	6.246452331542969	17804	6.288738250732422	25562	6.485227108001709	56131	6.492376804351807	39341	6.675849437713623	43863	6.781621932983398	38011	6.815303802490234	20352	6.872284412384033	9113	6.893301486968994	60889	6.896407604217529	51486	6.913588047027588	7787	6.924939155578613	31224	6.941749095916748	6936	6.960652351379395	68396	6.974305152893066	48720	6.983485698699951	
19673	3.7779541015625	7277	4.850121974945068	47381	5.084629535675049	3659	5.292000770568848	5935	5.444406032562256	53143	5.454557418823242	39273	5.463252544403076	63770	5.476770877838135	26068	5.529780387878418	25335	5.590749263763428	21106	5.593347072601318	37618	5.611814498901367	43634	5.630447864532471	65102	5.632082939147949	47585	5.639142036437988	29999	5.709842681884766	58803	5.740322589874268	53736	5.76852560043335	26407	5.809857368469238	32526	5.811801433563232	
2662	2.668165922164917	18557	3.056736469268799	51945	3.265618801116943	42380	3.345833778381348	50872	3.486920833587646	11935	3.516877174377441	9520	3.52781867980957	16659	3.561995506286621	67648	3.581214666366577	19295	3.661543846130371	45941	3.729813575744629	50535	3.797795295715332	56528	3.817311525344849	61291	3.83680272102356	33730	3.841098308563232	30807	3.869595766067505	9181	3.92033314704895	57414	3.931872606277466	31384	4.010492324829102	44864	4.035548686981201	
61898	3.730304479598999	20304	3.772224903106689	24633	3.964931964874268	47936	3.966017723083496	67831	4.043410778045654	46549	4.10464334487915	17728	4.151179790496826	23141	4.206757068634033	5199	4.215738773345947	6040	4.232707977294922	46951	4.233675479888916	60803	4.297541618347168	22787	4.30822229385376	5617	4.399609565734863	20320	4.455241680145264	41759	4.479684829711914	4038	4.481380939483643	6783	4.500765323638916	1997	4.507821559906006	9418	4.52368688583374	
60855	5.565967559814453	56258	5.703303813934326	51791	5.982140064239502	27562	6.141912937164307	62985	6.203513145446777	50576	6.363673686981201	11769	6.416394710540771	5114	6.480473518371582	6564	6.487701892852783	58271	6.543983936309814	54887	6.55501651763916	11630	6.607587337493896	59729	6.643787860870361	66072	6.647594928741455	9417	6.657050132751465	46290	6.68415641784668	13149	6.696240901947021	15840	6.738626003265381	19772	6.802965641021729	54358	6.803909301757812	
2983	4.429422855377197	26456	4.531978130340576	65423	4.647634983062744	12273	4.865814208984375	51537	4.885652542114258	41541	5.011965274810791	11462	5.079609394073486	58391	5.135168552398682	44068	5.163497924804688	44684	5.217661380767822	51	5.251492023468018	19062	5.29967212677002	42107	5.299819946289062	56461	5.376257419586182	7711	5.388607501983643	8466	5.399745941162109	66037	5.405093193054199	15709	5.405625343322754	24460	5.430293560028076	57014	5.439369201660156	
66071	2.986899137496948	64841	3.500787258148193	22093	3.584000110626221	23181	3.694652318954468	26443	3.738807916641235	29982	3.812096357345581	20185	3.849572420120239	49003	3.861381053924561	59083	3.892223834991455	125	3.905191421508789	66732	3.907649040222168	36467	3.909324407577515	8797	3.951950311660767	61093	3.995454549789429	55222	4.073046207427979	68082	4.099290370941162	49610	4.164726257324219	33295	4.211017608642578	22629	4.212512016296387	63956	4.229814052581787	
45093	4.320292472839355	50164	4.790684223175049	66486	6.033115386962891	2299	6.184773921966553	12388	6.186363697052002	15234	6.262659072875977	17670	6.279737949371338	29610	6.324090003967285	65126	6.363532066345215	63751	6.437418937683105	24220	6.515544891357422	13622	6.588789463043213	50832	6.639720916748047	61792	6.671899795532227	62394	6.689858913421631	60821	6.698283195495605	22357	6.743380546569824	25338	6.749844074249268	14903	6.756984233856201	52481	6.861824512481689	
21782	2.16120457649231	27029	2.290635824203491	56789	2.298018932342529	9441	2.324299573898315	53917	2.32578444480896	19396	2.32686185836792	11241	2.40378999710083	8815	2.447023868560791	18163	2.507532596588135	49972	2.555930137634277	26328	2.581619501113892	66594	2.587852001190186	17432	2.597244739532471	7556	2.632488250732422	43155	2.634937524795532	35009	2.635620594024658	815	2.666496276855469	51813	2.673925638198853	24306	2.682571172714233	33169	2.703243732452393	
38347	5.16315746307373	50749	5.326272010803223	11740	5.529598712921143	62757	5.533792972564697	19124	5.538275718688965	33384	5.5423583984375	31728	5.544960975646973	65805	5.551664352416992	14318	5.586389064788818	31561	5.597034931182861	25757	5.604000091552734	16817	5.611397266387939	6211	5.638760089874268	1373	5.645560741424561	46708	5.646183013916016	11894	5.659558773040771	64743	5.677844524383545	55028	5.67857837677002	63598	5.681589126586914	36720	5.683914661407471	
33118	5.258864879608154	12722	5.404782772064209	4619	5.673306941986084	42306	5.680604934692383	46202	5.865291595458984	36907	5.874719619750977	46897	5.983935356140137	35309	6.027186870574951	44895	6.066702842712402	17842	6.13489294052124	555	6.181889057159424	36793	6.300293922424316	32223	6.375405311584473	41386	6.379900455474854	20295	6.411981105804443	11696	6.412775039672852	40660	6.420982360839844	16080	6.426175594329834	52869	6.48320484161377	38089	6.498378276824951	
27036	6.010107040405273	24757	6.153331756591797	67156	6.241322040557861	23687	6.396695613861084	3071	6.521408557891846	21196	6.539307117462158	8570	6.649118423461914	12950	6.696242809295654	67439	6.736954689025879	50252	6.73836088180542	1457	6.940491676330566	50138	7.054931640625	17014	7.05975341796875	62883	7.071650505065918	21588	7.080152988433838	17179	7.082045078277588	20743	7.095771789550781	23675	7.12039041519165	42142	7.139328002929688	25623	7.149598121643066	
33660	4.95395040512085	62592	5.542998313903809	58514	5.611377716064453	45228	5.647133827209473	64612	5.663749217987061	32565	5.79257345199585	12968	5.817623615264893	15194	5.881402492523193	54170	5.953216552734375	24383	6.003492832183838	10031	6.018426418304443	11339	6.02366304397583	44652	6.023714065551758	24634	6.043013095855713	68373	6.088324069976807	6973	6.140718936920166	58888	6.154441356658936	58040	6.155073165893555	20253	6.21772575378418	51002	6.232353210449219	
9903	4.367094039916992	43093	4.472862243652344	47875	4.643406391143799	56414	5.230146884918213	7297	5.240232944488525	40164	5.319220542907715	38925	5.359808444976807	8466	5.503495693206787	57172	5.534042835235596	7802	5.542419910430908	52563	5.571507930755615	3666	5.580987930297852	38452	5.633713245391846	6926	5.667184352874756	68551	5.691952705383301	35937	5.745667934417725	13448	5.76397180557251	54747	5.796842575073242	64796	5.810294151306152	50912	5.818732261657715	
59239	3.567358255386353	3107	3.708082914352417	35472	3.813202142715454	36513	3.813930988311768	44428	3.98547101020813	44601	3.986325979232788	26791	4.092129707336426	28000	4.131829738616943	54957	4.133818626403809	26122	4.295526027679443	49279	4.297348499298096	26706	4.306352615356445	10620	4.323292255401611	60065	4.328390121459961	36926	4.357690811157227	35494	4.398666381835938	34849	4.413275241851807	41006	4.43625545501709	52888	4.452444076538086	54950	4.460281372070312	
28439	6.37996244430542	22014	6.955662727355957	63753	7.225134372711182	26461	7.225334644317627	41558	7.293139934539795	1644	7.335437297821045	62191	7.438011169433594	54999	7.514050006866455	57268	7.571450710296631	23374	7.651435852050781	34212	7.668430805206299	55151	7.678086280822754	58585	7.678574562072754	20121	7.686781883239746	54490	7.702161312103271	6332	7.731997013092041	47672	7.739015102386475	66695	7.763022422790527	51489	7.776512145996094	17258	7.806861877441406	
476	5.040640830993652	7857	5.332820892333984	66353	5.84136438369751	68389	5.884069442749023	53846	6.072412490844727	67080	6.090877532958984	23178	6.10263204574585	27072	6.193715572357178	32918	6.274844169616699	28926	6.343934535980225	64899	6.423584461212158	19300	6.470711231231689	896	6.473757266998291	65807	6.476645946502686	66059	6.490415573120117	29508	6.497615814208984	25710	6.51447057723999	1496	6.531089305877686	34334	6.54189395904541	68279	6.600612640380859	
45467	2.413887500762939	68251	2.44983434677124	26335	2.490387678146362	9428	2.56511926651001	47574	2.644096851348877	57547	2.658389329910278	25038	2.686334609985352	30670	2.74992823600769	52701	2.763575792312622	20852	2.767407417297363	5255	2.771547317504883	10138	2.822262525558472	30086	2.828383445739746	10102	2.866365909576416	9766	2.886260747909546	36611	2.887542247772217	44977	2.906797885894775	67994	2.915506601333618	25469	2.944113969802856	54288	2.94884991645813	
6446	6.095174312591553	941	6.359597206115723	58760	6.639801979064941	33601	6.667769432067871	57479	6.714407920837402	51369	6.790773868560791	7168	6.840462207794189	51413	6.840998649597168	25571	6.891671657562256	15091	6.935006141662598	1546	6.995748043060303	32131	7.058868408203125	48240	7.19303035736084	37782	7.199988842010498	15437	7.202252864837646	30715	7.206223964691162	12623	7.2209792137146	22254	7.22678279876709	24765	7.247074127197266	42329	7.269702434539795	
3398	3.152343273162842	34668	3.538169860839844	65734	3.574455261230469	26305	3.588264942169189	56820	3.749290466308594	56707	3.805327892303467	10192	3.842481136322021	61888	3.866087198257446	55960	3.869106292724609	46585	3.935853481292725	2446	3.951052188873291	32039	3.9510657787323	56500	3.955762624740601	65308	3.962989091873169	61546	3.976110458374023	68911	3.986935615539551	8391	4.06884241104126	17010	4.089046001434326	68607	4.098252773284912	18926	4.111941337585449	
34532	5.159875392913818	27496	5.263201713562012	36565	5.387940883636475	7755	5.494994640350342	33780	5.540963649749756	14485	5.804122924804688	41473	5.807416915893555	28108	5.84138822555542	13266	5.85112476348877	51191	5.883838176727295	8166	5.925826549530029	39516	6.040318965911865	26162	6.057262420654297	39394	6.066280841827393	42836	6.083610534667969	25505	6.142523288726807	20967	6.159776210784912	63979	6.187088966369629	104	6.199215412139893	41993	6.233574390411377	
27657	6.046002864837646	50354	6.240972518920898	44336	6.525394439697266	49903	6.541874408721924	14118	6.638528823852539	1639	6.74061918258667	49647	6.768490791320801	49161	6.777538299560547	48326	6.811842441558838	2356	6.819772243499756	54423	6.842377185821533	41224	6.860393047332764	62182	6.88794994354248	47294	6.890204906463623	28331	6.949810981750488	64608	6.989442825317383	18036	6.998082160949707	10099	7.002889156341553	43932	7.032122611999512	33872	7.055890560150146	
40671	4.45816707611084	18472	4.821386814117432	3610	4.840857982635498	60107	5.076095581054688	21163	5.195987224578857	18226	5.233249187469482	51666	5.641208648681641	67530	5.668973445892334	55165	5.790379047393799	35541	5.815351486206055	43087	5.888717651367188	64838	5.894307613372803	39320	5.913130760192871	23817	5.936341762542725	56908	5.939731121063232	13017	5.94464111328125	29157	5.94586181640625	45745	5.970563411712646	32869	5.987561702728271	13332	6.048522472381592	
65178	2.304167747497559	17912	2.421082019805908	30093	2.671181440353394	27964	2.724177837371826	59640	2.922715902328491	33150	2.936471700668335	35786	3.116990327835083	38634	3.197692394256592	10944	3.20794153213501	6370	3.291203260421753	64004	3.307556867599487	57980	3.365581035614014	22351	3.387588739395142	19917	3.412528514862061	61813	3.439434766769409	6852	3.460168123245239	55580	3.470093965530396	23994	3.485118865966797	18631	3.502997398376465	17054	3.509676694869995	
38285	4.550327777862549	54034	4.581714630126953	61451	4.721713542938232	57598	4.856306076049805	22057	4.996139049530029	56561	5.059886455535889	5909	5.163198471069336	30861	5.331392765045166	15137	5.333217620849609	16603	5.373929977416992	16045	5.455455780029297	28454	5.527220249176025	53402	5.549183368682861	54995	5.566239356994629	2282	5.567966461181641	67813	5.590861797332764	19486	5.612068653106689	40468	5.673935890197754	68080	5.684377670288086	36165	5.685501575469971	
18849	2.557948112487793	22946	2.869966506958008	63137	2.989194869995117	5103	3.052945375442505	47592	3.062672138214111	57974	3.088951826095581	52728	3.471213102340698	43402	3.571007251739502	19443	3.572309970855713	23387	3.632968664169312	9816	3.64171028137207	24702	3.684655666351318	41966	3.719923257827759	67200	3.753240585327148	66256	3.770965337753296	34671	3.772681474685669	51411	3.859545707702637	19659	3.864351034164429	49099	3.882054328918457	24621	3.889332294464111	
50398	4.357110500335693	65301	4.744180679321289	33338	4.845610618591309	39081	5.185832023620605	32817	5.27238130569458	5840	5.288884162902832	18010	5.604218006134033	17368	5.613975048065186	53449	5.633437633514404	68332	5.64540958404541	61928	5.700897693634033	60870	5.713362216949463	27691	5.718306064605713	63735	5.728747844696045	4371	5.73600435256958	51639	5.741201400756836	28001	5.76469612121582	59482	5.767148017883301	66399	5.795849323272705	27944	5.860052585601807	
25011	5.223299026489258	67642	5.437952995300293	51298	5.52523946762085	58957	5.604947566986084	22246	5.67616081237793	2077	5.816954135894775	29594	5.86083459854126	29948	6.074006080627441	62662	6.076774597167969	2569	6.087973117828369	68429	6.100922107696533	48248	6.21690845489502	62628	6.238220691680908	13890	6.262264728546143	50711	6.285364627838135	21917	6.294511318206787	2099	6.306829929351807	64547	6.331615447998047	3860	6.355936527252197	48344	6.358164310455322	
701	4.677364349365234	59936	5.227197170257568	16797	5.733688831329346	27229	5.940858840942383	3149	5.971117496490479	37061	5.988084316253662	46913	5.989784240722656	36175	6.117472648620605	5628	6.162081718444824	34254	6.184646129608154	35952	6.217372894287109	23008	6.224692821502686	36326	6.234959125518799	3607	6.252488613128662	52343	6.276185512542725	32133	6.291988372802734	66089	6.309162616729736	17848	6.31738805770874	65128	6.386678218841553	68645	6.430320739746094	
53749	5.434130668640137	25834	5.525917053222656	23809	5.66981315612793	50955	5.742161750793457	29713	5.759500026702881	57578	5.778605937957764	4181	5.788177490234375	59328	5.870064735412598	58818	5.921593189239502	22953	5.93722677230835	9046	5.975825786590576	67862	6.083312034606934	22556	6.146470069885254	45285	6.166048049926758	41448	6.168617248535156	28395	6.185127735137939	51971	6.228428840637207	57366	6.236811637878418	51797	6.266342639923096	6851	6.266480922698975	
5506	3.366690635681152	2540	3.374157905578613	50651	3.600804805755615	6426	3.638795137405396	9389	3.714485645294189	8474	3.766520977020264	48014	3.800639390945435	1042	3.879717588424683	50256	3.911880016326904	46967	3.913483858108521	28276	3.954035520553589	65608	3.957458972930908	4202	3.975828647613525	3406	3.983225107192993	46526	3.987807512283325	32821	4.112351417541504	14307	4.118911266326904	50343	4.137451648712158	53638	4.148436069488525	54704	4.171439170837402	
38583	4.433300495147705	24804	4.491483688354492	58997	4.528400897979736	5926	4.676372528076172	21072	4.709420204162598	6587	4.731658935546875	28147	4.781258583068848	42578	4.798362731933594	31653	4.822217464447021	56362	4.828466892242432	58875	4.857672214508057	15797	4.860925197601318	12820	4.928539276123047	25129	4.942338943481445	54526	4.956567764282227	68791	5.039142608642578	63050	5.045623779296875	46276	5.076018333435059	34223	5.090747356414795	62659	5.107973098754883	
29833	4.997286796569824	9430	5.00242280960083	28957	5.022580146789551	21485	5.514719009399414	48674	5.535601139068604	7407	5.739036560058594	57936	5.84634256362915	31614	5.890283584594727	58638	5.935734272003174	17662	6.035237789154053	27501	6.058025360107422	2444	6.099946975708008	66364	6.149087905883789	50737	6.150196552276611	34528	6.22572135925293	63504	6.24482250213623	28496	6.252625465393066	25803	6.268924236297607	45524	6.292777538299561	48504	6.30205249786377	
17628	5.022688865661621	53545	5.286599159240723	52336	5.780884265899658	12067	5.851495265960693	52683	5.915357112884521	9780	5.963140964508057	812	6.00291919708252	12683	6.020918846130371	40013	6.211268424987793	26840	6.256964206695557	45827	6.312638759613037	11293	6.318819999694824	22504	6.367875576019287	61510	6.377727031707764	14734	6.406247138977051	29027	6.419481754302979	34782	6.421999931335449	33643	6.429323673248291	40018	6.472637176513672	35134	6.488266944885254	
43083	5.606035709381104	68119	5.681391716003418	56307	5.751084804534912	27018	5.827838897705078	14848	5.883978843688965	10600	5.931227207183838	45080	5.939715385437012	27471	5.963840007781982	29462	5.988917827606201	28873	6.004938125610352	66782	6.10411262512207	6591	6.11613655090332	13960	6.126200675964355	43536	6.174283027648926	65382	6.227884292602539	14685	6.239317417144775	49294	6.304937839508057	1900	6.322432518005371	4787	6.325199604034424	58483	6.353302001953125	
28483	3.617276906967163	35630	4.383994102478027	40232	4.565747737884521	63763	4.575523376464844	45767	4.588424682617188	20258	4.634367942810059	39133	4.66243839263916	60848	4.71519660949707	10637	4.733500480651855	22990	4.733823776245117	13109	4.758309364318848	34354	4.771044731140137	41119	4.776134014129639	3177	4.783956050872803	34393	4.813365459442139	38195	4.817073345184326	61827	4.880643844604492	21906	4.946382999420166	39866	5.009593486785889	57002	5.017040729522705	
36924	3.364595890045166	7009	3.94847846031189	27932	4.011724472045898	34408	4.170066356658936	64042	4.25644063949585	31508	4.300263404846191	49158	4.346797466278076	42544	4.375818252563477	17937	4.504534244537354	46948	4.564523696899414	12536	4.565773010253906	18050	4.580227851867676	52350	4.636837482452393	35532	4.665824890136719	25616	4.691253662109375	38480	4.730645656585693	59602	4.731406688690186	32767	4.773217678070068	15963	4.842837810516357	65915	4.85223913192749	
65179	4.165919780731201	29977	4.337688446044922	61913	4.347022533416748	32761	4.350503921508789	50763	4.404934406280518	62100	4.42490291595459	46675	4.454007625579834	51025	4.547210693359375	14289	4.573432922363281	222	4.589654922485352	29903	4.600239276885986	12653	4.679161071777344	41485	4.708118438720703	58369	4.712369918823242	59173	4.7328782081604	7011	4.777729034423828	38333	4.781262397766113	28562	4.781601905822754	6952	4.812849521636963	52212	4.827178955078125	
53235	5.560412883758545	53692	5.753042697906494	27217	5.994513511657715	19471	6.015751361846924	29157	6.016861915588379	65384	6.02166223526001	35851	6.099242210388184	7989	6.152246475219727	8081	6.186127662658691	21420	6.188739776611328	26594	6.236912727355957	40341	6.259100914001465	16460	6.311956405639648	45740	6.355160236358643	43798	6.365668773651123	10288	6.372926712036133	56800	6.375771522521973	34136	6.39131498336792	18108	6.423957824707031	31910	6.439821243286133	
35536	4.130320072174072	31609	4.237601280212402	12848	4.24721097946167	52345	4.296475410461426	34887	4.4748854637146	27785	4.495976448059082	23708	4.518754482269287	852	4.539023399353027	54692	4.641594409942627	19545	4.647242069244385	5656	4.662627696990967	12988	4.727631568908691	33414	4.817780017852783	44826	4.857189655303955	53721	4.972385406494141	7118	5.029431343078613	31177	5.035091400146484	25367	5.048092842102051	44976	5.101009368896484	42177	5.107193946838379	
22177	4.543779850006104	29045	4.697101593017578	67350	4.703381538391113	14532	4.854022979736328	60216	4.922990798950195	67495	5.008752346038818	66874	5.017323970794678	11412	5.027531147003174	26907	5.038459300994873	19757	5.088857173919678	36877	5.188919067382812	67616	5.302427768707275	17440	5.361942768096924	22588	5.369211673736572	67962	5.402897834777832	38136	5.422399520874023	65725	5.470909595489502	2883	5.51884937286377	34963	5.567211151123047	58437	5.580198287963867	
47446	6.377212524414062	47173	6.399272918701172	52744	6.428506374359131	59432	6.434271335601807	9210	6.636881828308105	23666	6.680814743041992	37981	6.737582683563232	5995	6.745713233947754	42217	6.787951946258545	43989	6.81117582321167	7608	6.830502510070801	58410	6.860563278198242	36650	6.864243984222412	68114	6.907851696014404	64281	6.980149269104004	64409	6.981453895568848	10587	6.981772422790527	23034	6.983864307403564	25270	6.993220806121826	18933	7.082398414611816	
38235	3.427778244018555	54130	3.544897794723511	175	4.305380821228027	61261	4.477419376373291	20080	4.528469562530518	7308	4.709789752960205	15873	4.767627239227295	37869	4.822739601135254	46228	4.861634731292725	18628	4.969374179840088	1276	5.058394908905029	57154	5.130899429321289	37928	5.172461986541748	47961	5.176145076751709	44420	5.19252347946167	12533	5.199504375457764	67824	5.229069232940674	64572	5.245691299438477	51669	5.259862422943115	52940	5.273459911346436	
15776	5.060168266296387	59367	5.261096000671387	54765	6.408547401428223	30355	6.696699619293213	39627	6.759407043457031	36012	6.854955673217773	37518	6.866671085357666	16533	6.903537750244141	60749	6.909708499908447	1036	6.919396877288818	42673	6.928815841674805	48461	6.949044227600098	52435	6.955447196960449	59985	6.969687461853027	19512	7.001380443572998	60992	7.025246620178223	19064	7.031513690948486	16289	7.042830467224121	52473	7.043239116668701	41719	7.084956169128418	
61678	4.214320182800293	36474	4.27028751373291	43521	4.333024978637695	14611	4.365801811218262	62236	4.46370267868042	7808	4.48463773727417	8632	4.515539169311523	6381	4.558802127838135	17071	4.594866275787354	52157	4.595885753631592	130	4.600511074066162	35132	4.612711906433105	67059	4.63074779510498	10105	4.649442672729492	39410	4.688548564910889	62618	4.717534065246582	38823	4.757237434387207	3019	4.774048805236816	13226	4.811835289001465	59020	4.822873115539551	
52357	3.723713159561157	39534	4.105417251586914	7000	4.451241016387939	59369	4.576496124267578	37977	4.881657600402832	64497	4.929332733154297	19103	4.97949743270874	46131	4.99408483505249	49776	4.996185779571533	17832	5.061372756958008	64094	5.062302112579346	35640	5.118209362030029	1214	5.130396366119385	55424	5.170045852661133	60595	5.175156593322754	19800	5.178750514984131	3564	5.179210186004639	25152	5.194828510284424	51967	5.195808410644531	29801	5.219331741333008	
44426	3.679844617843628	53600	3.753099679946899	47687	3.8336021900177	8706	3.868569135665894	39446	3.94468092918396	8059	3.949860811233521	30856	4.021454811096191	33841	4.037946224212646	64898	4.088445663452148	45626	4.093071460723877	29058	4.154046535491943	17018	4.18647575378418	10151	4.206985950469971	3170	4.216470241546631	37428	4.221635818481445	34522	4.22309398651123	109	4.270455360412598	17037	4.355412483215332	21658	4.364522457122803	1399	4.375396251678467	
22567	4.898568153381348	636	4.910707473754883	62285	4.956546306610107	9206	5.292247772216797	39804	5.314053058624268	37143	5.362004280090332	59992	5.391357898712158	12975	5.409554004669189	32235	5.523540496826172	55480	5.557148456573486	37419	5.6207275390625	42969	5.625420570373535	17802	5.64680004119873	2811	5.688281536102295	45711	5.724199771881104	25356	5.773664951324463	6092	5.854522228240967	5848	5.85481595993042	6469	5.898853778839111	13697	5.901921272277832	
54434	3.795847654342651	1453	3.865097522735596	152	3.963799953460693	31248	4.045078754425049	68815	4.107661724090576	37806	4.355428695678711	55089	4.443961143493652	8568	4.459753513336182	66344	4.490224361419678	3066	4.640475749969482	41606	4.706277847290039	55825	4.711174488067627	46359	4.714197635650635	16792	4.739095211029053	56961	4.74010181427002	23707	4.778567790985107	5970	4.827764987945557	64536	4.919050216674805	58011	4.920532703399658	49749	4.937299728393555	
60200	5.133182048797607	62518	5.156645774841309	56685	5.426815509796143	43287	5.931030750274658	64866	6.062466621398926	50678	6.135838985443115	20340	6.194867134094238	9686	6.198636054992676	44983	6.2229905128479	32793	6.236342906951904	32897	6.255001544952393	41621	6.256324768066406	66358	6.335364818572998	32306	6.337642192840576	10166	6.34392786026001	47464	6.370665073394775	17931	6.425293922424316	35635	6.452987670898438	57922	6.454348564147949	32118	6.464705467224121	
41645	3.944645643234253	32787	4.548507213592529	38370	4.555105686187744	33297	4.674402236938477	15891	4.876038551330566	18694	4.917514324188232	6030	4.93384313583374	14643	4.937858581542969	43594	4.946525573730469	19687	4.948939800262451	14617	4.960170269012451	20035	4.990777492523193	50691	4.99765682220459	62617	5.054159641265869	38722	5.065474987030029	36985	5.126031875610352	8367	5.162270069122314	37201	5.183663368225098	48003	5.220343589782715	47979	5.247661113739014	
4566	2.863266468048096	28845	2.873428821563721	4148	2.902223110198975	11617	2.947475671768188	35604	3.025525093078613	38558	3.050665855407715	24851	3.141494512557983	2433	3.172282457351685	44688	3.303501605987549	573	3.314340829849243	1429	3.321252346038818	66401	3.373531103134155	18104	3.407076358795166	57362	3.497905015945435	51270	3.508548736572266	23930	3.508940696716309	6404	3.512959957122803	28432	3.525424003601074	21673	3.547901391983032	30409	3.560232400894165	
63999	2.120180368423462	17615	2.204528570175171	10513	2.21976375579834	62371	2.275821208953857	17409	2.355028629302979	3383	2.395934343338013	63775	2.412194967269897	62882	2.426604986190796	31002	2.45530891418457	56857	2.456774234771729	49125	2.458404302597046	13727	2.488278150558472	46588	2.507394075393677	50773	2.508013963699341	26613	2.514260530471802	63961	2.515630722045898	43376	2.522156715393066	18134	2.526287794113159	65606	2.527529001235962	42322	2.533658027648926	
44300	5.087889671325684	52909	5.60171365737915	26671	5.738036155700684	40016	5.923688888549805	67292	5.928239345550537	38048	6.007163047790527	17482	6.256844520568848	16160	6.356405735015869	19168	6.388037204742432	57073	6.426538944244385	3614	6.485909461975098	12304	6.494481086730957	17698	6.514937877655029	63141	6.526807308197021	8244	6.584786891937256	46524	6.617644786834717	44526	6.677971839904785	29687	6.684805393218994	57070	6.688175201416016	49735	6.724095821380615	
26122	2.592385053634644	36513	3.169922828674316	35472	3.191137790679932	3657	3.269259214401245	41006	3.365825414657593	26791	3.39609169960022	36926	3.447952508926392	41498	3.490896463394165	61030	3.51437783241272	58383	3.554786682128906	25443	3.593278408050537	3778	3.77698016166687	23576	3.791704177856445	2094	3.856269836425781	34849	3.867219209671021	49212	3.908539533615112	51457	3.952876567840576	3107	3.977495431900024	15582	3.982786893844604	42632	4.011235237121582	
7068	3.845237493515015	30147	4.341159343719482	43268	4.371712207794189	54076	4.407719612121582	20061	4.425512313842773	14686	4.449554443359375	68545	4.641450881958008	55353	4.647336483001709	32840	4.677703380584717	38095	4.69005298614502	3830	4.72150182723999	37920	4.732380867004395	12093	4.775646209716797	46464	4.784111022949219	57894	4.807336330413818	16662	4.810252666473389	28647	4.844775676727295	26384	4.92431116104126	26985	4.962429046630859	41777	4.978189945220947	
55594	6.216431617736816	56109	6.286142349243164	26168	6.333654880523682	7266	6.335103034973145	18618	6.344789505004883	29182	6.403715133666992	67913	6.479706764221191	179	6.484134674072266	12525	6.493253707885742	26967	6.499155044555664	64829	6.548469066619873	29291	6.552967071533203	67818	6.554548263549805	62676	6.561119556427002	60831	6.572535037994385	33811	6.573234081268311	47129	6.578171253204346	49243	6.586910724639893	40712	6.589777946472168	22961	6.594444274902344	
41204	6.754841327667236	4429	6.924129009246826	26852	7.088856220245361	48565	7.245297908782959	18893	7.383481025695801	17627	7.419762134552002	47110	7.466602802276611	20322	7.564370155334473	14206	7.623113632202148	22524	7.635465145111084	21512	7.689547061920166	61706	7.773435592651367	19728	7.798062324523926	40235	7.823398590087891	32924	7.82975959777832	57595	7.856265068054199	62605	7.89338207244873	60043	7.898855686187744	16318	7.909626483917236	50184	7.922835826873779	
36712	4.01453161239624	28606	4.627166748046875	45852	4.762531757354736	60710	4.781604290008545	8119	4.921787261962891	24581	5.076961994171143	17608	5.113619804382324	55029	5.123190879821777	35939	5.164254188537598	67555	5.252489566802979	46868	5.316051959991455	23892	5.351540565490723	6565	5.401802539825439	68471	5.424830913543701	31051	5.478476047515869	43073	5.481466770172119	50331	5.513818264007568	35843	5.535778999328613	6033	5.536335468292236	55342	5.539079189300537	
62203	4.592164993286133	22024	4.618435859680176	13652	4.700125217437744	34199	4.757201194763184	7962	4.804958343505859	34718	4.815927505493164	7385	4.943530559539795	1934	4.954529762268066	12924	4.980099201202393	46327	5.000720977783203	2001	5.017838001251221	15711	5.043966293334961	3029	5.06655216217041	65513	5.069382190704346	18365	5.076615810394287	68273	5.095393180847168	35401	5.123103618621826	6600	5.152669429779053	64203	5.180883407592773	57156	5.183534622192383	
8714	5.215762138366699	53610	5.298014640808105	39793	5.311501979827881	14326	5.358497142791748	62080	5.359436511993408	39537	5.604946136474609	1585	5.699947834014893	66392	5.743011951446533	16955	5.75229549407959	44241	5.789249420166016	43845	5.829362869262695	12479	5.834997177124023	15444	5.85641622543335	41431	5.890440940856934	67373	5.898765087127686	22515	5.942812442779541	56092	5.947933673858643	64819	5.983865737915039	10238	6.012073993682861	62051	6.017065048217773	
6181	4.287344455718994	61302	4.530335903167725	48728	4.731802940368652	39385	4.852701663970947	59134	4.875653743743896	36631	5.078466892242432	62042	5.085086822509766	62403	5.113930225372314	51146	5.135495662689209	55133	5.256100177764893	53584	5.300197601318359	6823	5.338897705078125	10939	5.346475601196289	51021	5.358634948730469	40921	5.370096206665039	61283	5.370316982269287	18533	5.388715267181396	62903	5.401781558990479	34861	5.424346923828125	67864	5.42582893371582	
58170	6.623790264129639	23396	6.683084487915039	60129	6.698391914367676	19235	6.773008823394775	53720	6.78402853012085	44510	7.039437294006348	58565	7.104208946228027	36531	7.260529041290283	42569	7.324674606323242	60460	7.330737113952637	27233	7.33826732635498	13653	7.371201038360596	52359	7.385496139526367	65704	7.449465751647949	13171	7.480546951293945	16992	7.483580589294434	30024	7.493298053741455	51291	7.503257751464844	1303	7.529811859130859	55371	7.549269199371338	
63934	3.61065936088562	16761	3.628310918807983	67654	3.665502309799194	5712	3.769084692001343	57333	3.806536436080933	44020	4.143934726715088	42661	4.167920589447021	26690	4.217287540435791	24699	4.259692192077637	35310	4.323316097259521	65874	4.33490514755249	55192	4.452427864074707	29899	4.453751087188721	22851	4.45735502243042	50563	4.528650760650635	1139	4.529326438903809	41672	4.595793724060059	4640	4.608341217041016	32309	4.624051570892334	17251	4.633620262145996	
6612	4.169434547424316	34607	4.541591644287109	12690	4.871830940246582	38953	4.917551040649414	5485	4.956016063690186	26486	4.957744598388672	25881	4.991354465484619	54257	5.006804943084717	14135	5.081290245056152	55463	5.11517333984375	2135	5.173880100250244	25814	5.249267101287842	16119	5.270764827728271	4819	5.281020641326904	59	5.290714263916016	63952	5.293434143066406	23138	5.326300144195557	58076	5.346927642822266	48123	5.378842830657959	67196	5.387876987457275	
13482	2.223304271697998	54019	2.329233407974243	38775	2.359213590621948	36882	2.565994739532471	54780	2.600296020507812	19856	2.633744478225708	49481	2.659531831741333	35609	2.680104494094849	55141	2.680216789245605	3326	2.700890779495239	64396	2.764719724655151	41691	2.783882856369019	49661	2.793161869049072	61295	2.798514127731323	12142	2.839115381240845	38668	2.842390537261963	41070	2.848951578140259	59783	2.885104656219482	50341	2.906078338623047	43980	2.944165706634521	
41009	6.364736080169678	36623	6.385942935943604	10324	6.558655738830566	2725	6.57285737991333	31450	6.976877212524414	23600	7.030830383300781	18073	7.064745903015137	24797	7.130620956420898	63905	7.187583446502686	38968	7.226851463317871	25781	7.239742755889893	6406	7.298312187194824	19196	7.300012111663818	40210	7.300910472869873	47477	7.315761089324951	35982	7.447018623352051	60118	7.447336673736572	15791	7.51610279083252	7106	7.534228801727295	40297	7.544422626495361	
15991	4.098281383514404	51373	4.228873252868652	62432	4.430823802947998	54412	4.49794340133667	6934	4.505527496337891	5554	4.516035079956055	18405	4.572181701660156	40404	4.697582721710205	2107	4.731647968292236	49074	4.751235485076904	66859	4.760349750518799	53813	4.798318862915039	13979	4.801181793212891	40518	4.825096130371094	20889	4.840318202972412	18916	4.85078239440918	49448	4.854642868041992	32679	4.870296001434326	51782	4.873064041137695	48643	4.904047966003418	
46565	3.322783708572388	68486	3.323823213577271	66705	3.57743501663208	62038	3.627031803131104	40212	3.651038408279419	62167	3.653569936752319	10323	3.672340154647827	44534	3.725442886352539	11577	3.737211465835571	52816	3.86676812171936	37901	3.903321981430054	13387	3.910714626312256	39636	4.05709171295166	34774	4.169893741607666	17812	4.170619487762451	45867	4.178141117095947	58364	4.262767791748047	30665	4.305053234100342	41270	4.311985969543457	1414	4.342976093292236	
25231	3.783754587173462	59531	3.960367202758789	44896	4.127992153167725	46782	4.19148588180542	65006	4.223782539367676	66835	4.377535343170166	42308	4.399435043334961	50672	4.445208072662354	25411	4.486338138580322	61731	4.612988948822021	46726	4.620774269104004	9632	4.620895862579346	14058	4.621345520019531	802	4.640934467315674	20708	4.697280406951904	30111	4.702435493469238	67079	4.734155178070068	21187	4.741837501525879	14020	4.756185531616211	14555	4.781558990478516	
41044	4.162216663360596	3604	4.261787891387939	15780	4.559023857116699	35585	4.614876270294189	6321	4.731403350830078	16817	4.843621253967285	37817	4.860499382019043	38315	4.989125728607178	29279	4.992745876312256	10373	5.011737823486328	55185	5.013576507568359	9813	5.069820880889893	44212	5.101994514465332	12507	5.140376567840576	45124	5.162466526031494	9909	5.207839488983154	2657	5.218367576599121	48294	5.231794357299805	38512	5.272052764892578	60797	5.274264812469482	
52199	3.246774435043335	30271	3.320952653884888	5883	3.643835544586182	15995	3.769542932510376	14915	3.790597677230835	27520	3.858612537384033	26966	3.89235782623291	12361	3.979559183120728	49494	3.998656272888184	27056	4.002755641937256	16390	4.080690383911133	9659	4.152243137359619	26919	4.174538612365723	14211	4.200153350830078	27673	4.205302238464355	33421	4.208696842193604	57846	4.27208423614502	5023	4.279977321624756	8745	4.293551445007324	7741	4.323205471038818	
7900	3.496429681777954	42380	3.681214094161987	43843	3.842374801635742	64121	3.899943828582764	57528	4.019991397857666	36920	4.03892183303833	45928	4.144359588623047	42231	4.177406787872314	56528	4.249850273132324	16659	4.262035846710205	61291	4.268840312957764	9520	4.364076137542725	7339	4.387090682983398	843	4.39878511428833	21608	4.517871379852295	33730	4.55209493637085	2662	4.565516471862793	4318	4.615214347839355	4188	4.66038179397583	15523	4.667727470397949	
48240	5.655794143676758	51413	6.37891960144043	47101	6.446347713470459	17636	6.688557624816895	7168	6.710360527038574	49184	6.72463846206665	1837	6.779608726501465	42641	6.868528842926025	9923	6.919091701507568	38809	6.93717098236084	3772	6.963649749755859	35267	7.016343116760254	54956	7.017747402191162	32131	7.033236503601074	58720	7.04283618927002	56953	7.04353666305542	27432	7.069669246673584	19786	7.084722995758057	5958	7.096479892730713	36480	7.157264709472656	
40829	3.435956478118896	44318	3.450645923614502	28568	3.575145721435547	21769	3.798361778259277	30469	3.854870080947876	54537	3.964255094528198	8945	3.980977058410645	23130	4.018057823181152	39792	4.030539512634277	47216	4.069581031799316	24995	4.079100131988525	30477	4.163480758666992	10060	4.20604944229126	60367	4.212268352508545	16468	4.215656280517578	50289	4.229787349700928	18942	4.236446380615234	38334	4.264586448669434	46421	4.277420997619629	54883	4.320456981658936	
29244	4.374074935913086	33597	4.539390563964844	8149	4.592257022857666	38761	4.710100650787354	14054	4.804410934448242	24145	4.827272891998291	64401	4.865655422210693	64495	4.875532150268555	53277	4.973170280456543	19551	4.994367599487305	53593	5.003257274627686	61948	5.032552242279053	24669	5.035496711730957	8331	5.136623382568359	4162	5.205153465270996	40866	5.224880218505859	51014	5.23091983795166	45113	5.236965179443359	67514	5.319139003753662	2954	5.346805095672607	
20059	5.285235404968262	42139	5.667763710021973	3785	5.985363006591797	53562	6.009805202484131	63402	6.5365309715271	19677	6.605793476104736	35815	6.744937896728516	13070	6.811156749725342	35169	6.827670574188232	49870	6.896417617797852	12919	6.896515369415283	60947	6.913208484649658	56110	6.917901039123535	64531	6.971642017364502	4675	6.990435123443604	19424	6.997905254364014	31319	7.024179458618164	22383	7.034498691558838	2300	7.039167881011963	40037	7.04157829284668	
1941	5.320930004119873	6970	5.628493309020996	15023	5.664073467254639	40570	6.143733978271484	22227	6.231443881988525	56131	6.257007122039795	35470	6.319390296936035	13580	6.324552536010742	68396	6.377769470214844	29825	6.384242534637451	13158	6.431280136108398	50988	6.459540843963623	31399	6.474387168884277	58329	6.517913341522217	13570	6.586815357208252	30050	6.636075496673584	55105	6.66414737701416	10777	6.672534465789795	66969	6.678065299987793	51486	6.701515674591064	
5452	3.048846960067749	56659	3.478076934814453	5652	3.732748031616211	5318	3.757642269134521	16272	3.79182505607605	33997	3.924535512924194	59448	3.984294652938843	8321	4.007284641265869	63009	4.019425868988037	31974	4.037759780883789	31003	4.041103363037109	8828	4.047802448272705	44772	4.059757232666016	3663	4.092379570007324	61324	4.09710693359375	929	4.111266613006592	14866	4.111329555511475	40977	4.115977764129639	64380	4.184185028076172	14363	4.18635368347168	
67060	4.934483528137207	12520	5.473441600799561	16086	5.853887557983398	10069	5.861495494842529	49348	5.891952514648438	35574	5.941955089569092	30640	5.967860221862793	31357	5.982190132141113	30216	6.00321626663208	55554	6.01265287399292	57229	6.031381130218506	8669	6.042542457580566	34979	6.051048755645752	12255	6.080851078033447	60391	6.089468002319336	11294	6.104243278503418	1614	6.148070812225342	61674	6.156161785125732	3447	6.156854629516602	62418	6.170185089111328	
28750	3.661867380142212	32752	4.071818828582764	30776	4.098298072814941	39247	4.386106967926025	67639	4.534107208251953	48090	4.548397064208984	5236	4.567004203796387	50769	4.614769458770752	24382	4.674985885620117	30844	4.687254905700684	37466	4.757142543792725	17458	4.771257877349854	43109	4.793361663818359	24226	4.801807403564453	39996	4.807192325592041	66338	4.85293436050415	64315	4.866431713104248	62337	4.868801116943359	723	4.86942195892334	56861	4.891176223754883	
5197	4.166216373443604	13316	4.474633693695068	59173	4.534612655639648	46986	4.568398475646973	60529	4.702656745910645	47437	4.718934535980225	57367	4.774362087249756	58447	4.807710647583008	67928	4.920770168304443	40200	4.951588153839111	14682	4.953731060028076	3576	4.970602035522461	43403	5.021154403686523	35600	5.054953575134277	41757	5.063405990600586	29061	5.070146083831787	54473	5.077178478240967	64482	5.103248596191406	45917	5.117048263549805	13864	5.128629684448242	
55957	3.890922784805298	15220	4.029735565185547	3467	5.041781425476074	35334	5.451844692230225	63446	5.901924133300781	3486	5.961114406585693	17424	5.99962854385376	48656	6.006279945373535	20577	6.007954597473145	50683	6.037801265716553	24953	6.103263854980469	2307	6.137288570404053	783	6.167488098144531	57759	6.175251960754395	45363	6.18029260635376	4389	6.206359386444092	28484	6.243991374969482	67614	6.246873378753662	50037	6.253564834594727	43946	6.267897605895996	
38043	4.603158473968506	2707	4.721737384796143	53132	4.902498722076416	50112	5.133131504058838	23904	5.287500381469727	24540	5.448132991790771	65115	5.508984088897705	64044	5.526818752288818	17006	5.541154861450195	21174	5.57275915145874	4183	5.592329502105713	26036	5.598933219909668	36604	5.60369873046875	17840	5.659387588500977	64177	5.691161155700684	54437	5.702320575714111	52513	5.741499900817871	13628	5.752248764038086	9936	5.765027523040771	48063	5.773255348205566	
38641	4.597379684448242	24477	4.888373851776123	22022	4.933611392974854	65476	4.938523769378662	58821	4.978330612182617	36147	5.026278972625732	19922	5.116407871246338	48736	5.125263214111328	26068	5.16423225402832	7593	5.177217960357666	9504	5.243270874023438	35283	5.244863986968994	64740	5.252862930297852	19841	5.357075214385986	62827	5.377682209014893	34574	5.396495342254639	47585	5.400100708007812	38249	5.430276870727539	61044	5.430761814117432	55099	5.496776103973389	
50265	4.650908946990967	6808	4.73147439956665	68964	4.733935832977295	26540	4.751058578491211	6964	4.77151346206665	68067	4.774585247039795	23351	4.800966262817383	2195	4.873175621032715	37561	4.898224830627441	48787	4.923721313476562	65012	4.940351963043213	552	5.129181861877441	57104	5.218043804168701	32200	5.276753902435303	47796	5.355178833007812	3804	5.387139320373535	54231	5.411788463592529	7480	5.477324962615967	3582	5.479921340942383	52332	5.482011795043945	
36762	4.919413566589355	17684	4.943563461303711	41941	5.179744720458984	24462	5.231911659240723	22796	5.492141246795654	7529	5.545461177825928	30865	5.820692539215088	21573	5.937644004821777	60035	5.960888862609863	12620	5.964534282684326	55911	6.00891637802124	28496	6.028176784515381	42359	6.046121597290039	51194	6.04865837097168	52621	6.049800395965576	41230	6.079055309295654	63803	6.098723888397217	30916	6.100681304931641	21169	6.129117012023926	13512	6.146031379699707	
51670	3.854317188262939	33473	4.544957637786865	47100	4.683746814727783	35604	4.696359634399414	27097	4.698110103607178	19224	4.700376510620117	50656	4.711174964904785	4566	4.730006217956543	24851	4.774495124816895	39306	4.834311008453369	52552	4.841995239257812	626	4.843715190887451	37449	4.849841594696045	18986	4.871427059173584	66401	4.887874603271484	15847	4.893383502960205	45450	4.905259609222412	38862	4.916665077209473	64593	4.924242973327637	4148	4.92641544342041	
7158	4.418798446655273	46675	4.816650867462158	57933	4.874223232269287	23588	4.909713745117188	23540	4.972204685211182	36845	4.999425411224365	63467	5.03354549407959	45354	5.128633499145508	30598	5.13707447052002	54352	5.148851871490479	47116	5.174629211425781	58045	5.218535423278809	48962	5.229166030883789	8305	5.262525081634521	45725	5.284253120422363	63357	5.304193496704102	58929	5.305911064147949	40519	5.306818008422852	50975	5.320007801055908	38088	5.348780155181885	
2030	4.369975566864014	6674	4.463056087493896	47332	4.584813117980957	67400	4.604841709136963	15559	4.628696441650391	37986	4.709785938262939	8594	4.731646537780762	31844	4.735695838928223	30018	4.754157543182373	3316	4.797583103179932	55338	4.852208614349365	52745	4.856045246124268	66232	4.870650291442871	19263	4.876474380493164	17211	4.9643874168396	24831	4.970485210418701	8111	5.02479887008667	56912	5.05070686340332	30943	5.065514087677002	24164	5.128374099731445	
52281	3.99797534942627	51481	4.323058605194092	57055	4.907989978790283	20522	5.256627559661865	28524	5.293665885925293	4767	5.297445774078369	45144	5.403448104858398	21866	5.448275089263916	29611	5.457364559173584	25082	5.518501281738281	32927	5.533348560333252	48777	5.554510593414307	16803	5.604447364807129	27785	5.611664295196533	40790	5.753681182861328	39801	5.764416217803955	2407	5.779786586761475	68197	5.787605285644531	54177	5.836896896362305	31814	5.872769832611084	
35349	3.770320177078247	28900	3.794925451278687	62089	4.127281665802002	35704	4.146136283874512	6294	4.179614067077637	26053	4.202282905578613	47431	4.368515968322754	4837	4.46507453918457	38543	4.473152160644531	1656	4.481984615325928	56315	4.513070106506348	2806	4.53717041015625	32002	4.573205947875977	17190	4.69757604598999	12809	4.719411849975586	50987	4.766207695007324	60449	4.810059070587158	9784	4.834654808044434	44271	4.852046966552734	59196	4.853629589080811	
2141	4.775147438049316	2868	5.124054908752441	50907	5.174796581268311	23312	5.215572357177734	33823	5.245260715484619	64577	5.26388692855835	9694	5.274150848388672	66354	5.308747291564941	31506	5.367725372314453	22201	5.408144950866699	63387	5.409101009368896	20886	5.43531608581543	40697	5.445564746856689	23660	5.462074756622314	1836	5.469948768615723	65007	5.5102858543396	14209	5.538956642150879	31625	5.553121089935303	39530	5.569024085998535	22507	5.597168922424316	
51186	4.473861217498779	51621	4.650465965270996	59262	4.932331562042236	2225	5.099141120910645	11076	5.333020687103271	63791	5.339124202728271	43874	5.43958854675293	59876	5.568372249603271	16507	5.656571388244629	60200	5.698556900024414	64178	5.732197761535645	23474	5.82229471206665	51776	5.938267230987549	7777	5.944554805755615	49525	5.962294101715088	260	5.965315818786621	38829	6.000109672546387	43287	6.008855819702148	17053	6.015623092651367	18684	6.015862941741943	
28814	5.783543586730957	40113	5.820280075073242	20013	5.866653442382812	22657	5.940496444702148	34821	5.958055019378662	37549	5.972498416900635	44437	6.050310134887695	59171	6.089149475097656	17017	6.109248638153076	20961	6.117767333984375	51962	6.144555568695068	46076	6.179159164428711	64138	6.199240684509277	5467	6.25701379776001	10380	6.288416862487793	43052	6.300463199615479	29889	6.374119281768799	7374	6.376274108886719	40477	6.415921211242676	57013	6.426871299743652	
65284	2.836594820022583	47225	3.624567031860352	51334	3.656277894973755	60500	3.661997556686401	56629	3.781596183776855	60695	3.79743504524231	19998	3.921693801879883	66980	3.938361883163452	40502	3.941547155380249	39072	3.970072984695435	47385	4.035069465637207	54628	4.12563943862915	16674	4.152270793914795	41465	4.177870750427246	19365	4.233474254608154	23028	4.251737594604492	3295	4.25478458404541	50486	4.275670051574707	21785	4.305449962615967	30767	4.330097675323486	
42052	4.743136405944824	56834	4.824454784393311	3168	4.844470024108887	41321	4.910743236541748	62836	4.989643096923828	63744	5.035468578338623	56953	5.08973217010498	57382	5.240891456604004	54025	5.242600917816162	29964	5.285811901092529	54861	5.288145542144775	30318	5.289377689361572	10253	5.290262699127197	13876	5.350523948669434	48844	5.351755619049072	55288	5.355351448059082	23148	5.365118980407715	13549	5.367586135864258	51370	5.379255294799805	23205	5.382034301757812	
38086	5.109953880310059	34533	5.573760986328125	15718	5.7052903175354	22849	5.721641540527344	15641	5.86721658706665	55227	5.880585193634033	34935	5.907167911529541	20174	5.97429895401001	41554	5.996378898620605	68256	6.07769250869751	5785	6.087521076202393	52079	6.09795618057251	58504	6.113787651062012	38403	6.214049816131592	20891	6.216805934906006	56373	6.228959083557129	37776	6.287216663360596	52676	6.296783924102783	53025	6.299484252929688	29893	6.329768657684326	
42474	4.787481784820557	45139	4.838188648223877	56803	4.899974822998047	5363	4.9255051612854	8654	5.18364143371582	50591	5.243943691253662	48721	5.335089206695557	33979	5.380048274993896	45875	5.38572359085083	65814	5.601987838745117	4954	5.647696018218994	37195	5.675741195678711	36230	5.682453632354736	55135	5.70244312286377	5819	5.716910362243652	60796	5.720132827758789	11978	5.732661247253418	68213	5.761318206787109	56409	5.770729064941406	7685	5.849086761474609	
25753	5.92165994644165	4068	6.10295581817627	57510	6.315749645233154	29838	6.329830646514893	6474	6.396581172943115	3491	6.40451717376709	23626	6.417201995849609	55544	6.465010643005371	48534	6.491244792938232	51991	6.533953666687012	27805	6.570062637329102	16522	6.583065032958984	59135	6.599468231201172	62770	6.612325668334961	64805	6.613356590270996	45126	6.644532203674316	35127	6.648271560668945	56136	6.649098873138428	51310	6.696464538574219	2624	6.716666698455811	
57439	5.955950260162354	28017	6.062881946563721	51184	6.074925899505615	41168	6.143894672393799	17520	6.235693454742432	22253	6.337801933288574	37868	6.366976737976074	23343	6.370753765106201	865	6.382639408111572	64844	6.41686487197876	27912	6.534553050994873	45789	6.616500854492188	65566	6.621546745300293	37303	6.630205154418945	17561	6.660124778747559	23139	6.674391269683838	50958	6.6744384765625	20513	6.695540904998779	26232	6.727609157562256	58868	6.729884147644043	
33442	1.371842980384827	5332	1.6701420545578	21589	1.922952651977539	50225	2.003622531890869	24243	2.048493385314941	24696	2.120938062667847	46479	2.13336968421936	38254	2.13713264465332	17202	2.140745639801025	67830	2.141273498535156	36359	2.162527799606323	66562	2.166491746902466	21759	2.222599029541016	27865	2.290750503540039	13024	2.324848651885986	7458	2.347644329071045	65149	2.368520498275757	45116	2.370762825012207	11976	2.395908355712891	68985	2.424554347991943	
9613	5.51322603225708	5878	5.527105808258057	12201	5.536262989044189	19294	5.676284313201904	31902	6.024773597717285	57263	6.080959320068359	6265	6.089009761810303	60878	6.101732730865479	31772	6.234476089477539	7649	6.313076019287109	28908	6.32496166229248	50504	6.343483924865723	28438	6.349637985229492	48607	6.353786468505859	15834	6.393453121185303	46104	6.41359281539917	17084	6.415041923522949	48783	6.431967258453369	44424	6.452863216400146	18614	6.514729022979736	
17514	1.736812353134155	36456	1.857846975326538	11262	1.884145379066467	16241	2.031717300415039	45794	2.064220666885376	3240	2.075032711029053	51965	2.084095001220703	1154	2.105133771896362	58034	2.105856895446777	55617	2.114405393600464	4729	2.117007970809937	62525	2.119291543960571	59511	2.122427463531494	50491	2.13397479057312	67587	2.15078330039978	17576	2.17667555809021	59264	2.206216096878052	35725	2.21356463432312	49507	2.217989206314087	52242	2.223543167114258	
11021	1.40716564655304	29797	1.412205815315247	66939	1.483732104301453	49017	1.635928869247437	39970	1.672676563262939	20960	1.675143122673035	44754	1.742690920829773	27883	1.746987342834473	10691	1.751172661781311	26161	1.942083716392517	20039	1.986374258995056	10781	2.076155424118042	1207	2.076854944229126	46307	2.077746868133545	4583	2.084202527999878	46323	2.084755659103394	4865	2.104859828948975	57751	2.112557649612427	57816	2.115507125854492	36429	2.139574289321899	
9220	4.952925205230713	11305	5.22249174118042	2612	5.344882011413574	8947	5.499034404754639	43600	5.573768615722656	55622	5.678511142730713	19341	5.712698459625244	16341	5.744871616363525	53388	5.758857727050781	3997	5.779649257659912	47668	5.783534049987793	55428	5.784476757049561	22625	5.800987243652344	53282	5.841715812683105	47247	5.866581439971924	30329	5.878506183624268	38385	5.908089637756348	61365	5.974955558776855	15290	5.980851650238037	23636	6.03673791885376	
55577	4.808017730712891	19107	5.285496711730957	14591	5.337147235870361	259	5.519235610961914	3092	5.727549076080322	252	5.738949775695801	56265	5.742633819580078	60269	5.746365547180176	65738	5.771864891052246	61326	5.801705360412598	56846	5.86598539352417	10416	5.870479583740234	7077	5.888120651245117	56353	5.8936448097229	57418	5.999071598052979	34658	6.035116195678711	16358	6.048886299133301	35617	6.049715518951416	66010	6.143001556396484	56568	6.171479225158691	
63763	4.817741394042969	18416	4.866564273834229	51	4.945757865905762	318	4.990976333618164	1666	5.060953140258789	475	5.068457126617432	60848	5.07192325592041	22990	5.115377902984619	14491	5.183960437774658	19495	5.197840690612793	18302	5.274763107299805	1607	5.372542381286621	35630	5.37673282623291	11462	5.417608737945557	15546	5.419234275817871	67671	5.422380447387695	43761	5.432925701141357	66842	5.455580234527588	33363	5.482613563537598	49688	5.52611255645752	
23833	4.083809375762939	57846	4.092087268829346	43250	4.140822410583496	16485	4.185192108154297	28747	4.206597805023193	39126	4.225790977478027	28781	4.334056377410889	9468	4.388607025146484	58627	4.430588722229004	65180	4.471420288085938	17501	4.507013320922852	64403	4.511239528656006	65872	4.511417865753174	54536	4.5150465965271	34505	4.556109428405762	52300	4.650233745574951	546	4.661787509918213	51764	4.684884548187256	29700	4.70482873916626	64167	4.712173461914062	
68324	4.797172546386719	32156	5.0726637840271	62468	5.130839347839355	52285	5.18532657623291	52192	5.241260528564453	50951	5.245114803314209	55389	5.279705047607422	67401	5.356714725494385	16926	5.437103748321533	21311	5.560126304626465	47952	5.580801486968994	1693	5.590747356414795	17495	5.608423233032227	12549	5.658414363861084	9675	5.660447597503662	48113	5.664340972900391	58023	5.674727439880371	33124	5.683565616607666	61719	5.719485759735107	62604	5.722795009613037	
50232	2.109628915786743	54395	2.221536636352539	36869	2.368371248245239	21756	2.383243083953857	62155	2.387433052062988	65204	2.401956558227539	61199	2.406063556671143	46517	2.489321947097778	62901	2.507823705673218	31286	2.516598701477051	36685	2.525830507278442	57098	2.536669731140137	2162	2.539587259292603	9925	2.540174722671509	60862	2.547347784042358	37139	2.562708377838135	47070	2.589600801467896	20598	2.592456102371216	66300	2.626194715499878	47569	2.644890308380127	
62524	4.425920009613037	57665	4.701419830322266	16766	5.237420082092285	41116	5.348680019378662	23453	5.431445598602295	31447	5.467730522155762	35894	5.526061534881592	57571	5.540890693664551	22979	5.606418132781982	38757	5.748516082763672	51428	5.843979835510254	53978	5.928863525390625	10923	5.97664737701416	37496	5.998123645782471	32894	6.030510425567627	47664	6.13516902923584	67167	6.147716522216797	3042	6.199499130249023	38108	6.239309310913086	25257	6.256258964538574	
57548	4.42609977722168	68924	4.691700458526611	60379	4.738150596618652	48366	5.003847122192383	29974	5.029684543609619	26735	5.20997142791748	17779	5.314054489135742	41395	5.686198711395264	6546	5.707329750061035	923	5.723108768463135	6705	5.91294002532959	57551	5.965028762817383	52520	6.037543773651123	21225	6.037837982177734	44851	6.112410545349121	809	6.124009132385254	62469	6.146744251251221	18538	6.150539875030518	67232	6.170071125030518	18721	6.173368453979492	
15204	4.855149745941162	19758	5.083646297454834	13500	5.380968570709229	28714	5.490389823913574	47435	5.554780006408691	19123	5.682456970214844	27540	5.684318065643311	37024	5.712942600250244	64126	5.726499080657959	55183	5.794437885284424	43478	5.813845157623291	43900	5.81887674331665	18957	5.826102733612061	8498	5.844324111938477	23976	5.965083122253418	19370	5.974009037017822	46845	6.029045581817627	47498	6.037056446075439	45745	6.080271244049072	39536	6.109988212585449	
58181	4.918500423431396	11594	5.10639762878418	18579	5.204574108123779	40138	5.375907421112061	55114	5.447695255279541	44043	5.580151557922363	61233	5.590424537658691	50317	5.70762825012207	52706	5.805989742279053	9737	5.873517990112305	2	5.879188537597656	1332	5.881635665893555	66744	5.890995025634766	35083	5.980468273162842	10945	6.009518146514893	14222	6.028338432312012	35072	6.056031703948975	34490	6.082128047943115	12549	6.116786003112793	18503	6.126147270202637	
3586	5.68842077255249	58016	5.815175533294678	20779	6.037455558776855	50227	6.100058555603027	51178	6.180269718170166	14068	6.194484710693359	52480	6.212704658508301	61299	6.301220417022705	35576	6.323048114776611	21729	6.342648983001709	65518	6.355932712554932	51107	6.378716468811035	24842	6.387729167938232	37545	6.394373416900635	52543	6.413816928863525	18787	6.431064128875732	67730	6.468645095825195	68728	6.483217716217041	61019	6.486907958984375	52819	6.489452838897705	
16459	4.483697891235352	44666	4.641406059265137	63261	5.017177581787109	17831	5.061371803283691	64192	5.066207408905029	2459	5.067419052124023	38523	5.086621284484863	31809	5.12312650680542	42481	5.151684284210205	7436	5.175443649291992	2221	5.18360424041748	11147	5.215119361877441	58833	5.228915691375732	51054	5.255375862121582	2570	5.277179718017578	62212	5.285407066345215	46417	5.294402122497559	51408	5.313338756561279	51798	5.323379993438721	27746	5.350800037384033	
22201	3.713240146636963	60348	3.820106506347656	20948	3.96200704574585	64577	4.049629688262939	53160	4.119647026062012	39687	4.160298347473145	35784	4.172393798828125	43157	4.181910514831543	51503	4.219539642333984	18609	4.23314380645752	48502	4.289434909820557	2868	4.366114139556885	65007	4.407337188720703	35531	4.413591384887695	45542	4.452622890472412	13973	4.489314556121826	42453	4.511249542236328	16243	4.584178924560547	3160	4.60478687286377	54121	4.607608795166016	
10861	5.854089260101318	35518	6.243834972381592	24968	6.273060321807861	51808	6.433338642120361	37487	6.464071750640869	53053	6.656670570373535	14164	6.806808471679688	9810	6.869144439697266	50739	6.912113666534424	15302	7.043515682220459	60578	7.074181079864502	45408	7.153835296630859	62518	7.230618000030518	58807	7.23106575012207	30403	7.235422134399414	5059	7.284321308135986	36955	7.320305824279785	206	7.323813438415527	35294	7.328770160675049	57500	7.368988990783691	
45663	3.148186922073364	7526	3.967350959777832	47420	4.283763885498047	7427	4.301070213317871	32665	4.430988311767578	31553	4.43662691116333	14730	4.565400123596191	1268	4.593883514404297	6814	4.63387393951416	68573	4.658801555633545	39032	4.667182445526123	54544	4.694444179534912	31359	4.696147918701172	7765	4.715996265411377	45737	4.71790599822998	28285	4.76308536529541	49585	4.877248287200928	24734	4.892848968505859	27450	4.898366451263428	33570	4.90457820892334	
19764	3.559636831283569	3337	3.728394985198975	40846	3.985172033309937	1729	4.000243663787842	30846	4.044338226318359	29516	4.143959045410156	23055	4.145793437957764	34093	4.160446643829346	16544	4.190086841583252	16780	4.201772212982178	25772	4.236763000488281	31563	4.25023365020752	5318	4.285778999328613	31720	4.341307163238525	38792	4.357063770294189	54646	4.40742826461792	54636	4.413471221923828	55016	4.416244983673096	53136	4.418562889099121	40977	4.4320068359375	
58287	4.287904739379883	51	4.311844825744629	35477	4.551192283630371	44068	4.626348972320557	10322	4.709959506988525	7628	4.733299255371094	11634	4.754018783569336	65423	4.871318340301514	64152	4.904531002044678	11462	4.905085563659668	25403	4.969940662384033	24460	5.00296688079834	31371	5.010670185089111	28542	5.036328792572021	9311	5.040800094604492	60848	5.047980308532715	39778	5.052948951721191	1607	5.065612316131592	49688	5.088434219360352	12747	5.090075492858887	
40692	4.953530788421631	8714	5.033121109008789	15771	5.179396629333496	16934	5.328382015228271	40718	5.421170711517334	30300	5.518418312072754	67470	5.545661449432373	16436	5.609830856323242	656	5.636744976043701	63353	5.663648128509521	60276	5.704380512237549	66212	5.759527683258057	35808	5.784004211425781	32647	5.81001091003418	59453	5.857999324798584	35256	5.884598731994629	67760	5.895123958587646	17436	5.917049884796143	8823	5.919497966766357	32996	5.935859680175781	
35007	4.201581478118896	25836	4.483575344085693	11507	5.060521602630615	26631	5.093112468719482	52935	5.194959163665771	38693	5.29869270324707	7166	5.303279876708984	52115	5.376317977905273	54293	5.470895767211914	21474	5.471080303192139	32485	5.47786808013916	27484	5.498493671417236	1336	5.502981185913086	16457	5.520811080932617	35162	5.5284743309021	30405	5.54788064956665	23559	5.579294204711914	40703	5.609584808349609	18469	5.610284805297852	3499	5.645998477935791	
63697	3.141511917114258	24338	3.14151406288147	25506	3.258086442947388	26496	3.269358396530151	50396	3.389831781387329	30514	3.405285120010376	29108	3.431531667709351	13566	3.528904676437378	15458	3.534906387329102	66760	3.697429418563843	59660	3.732500791549683	8223	3.735933303833008	60926	3.784569263458252	33359	3.844837665557861	13497	3.852735280990601	29617	3.860907554626465	30344	3.910537242889404	13906	3.929231882095337	28110	3.93306565284729	59247	3.940449237823486	
48767	3.753997802734375	50877	4.109376907348633	32965	4.432398319244385	31284	4.564119815826416	52061	4.61656665802002	962	4.6571364402771	31845	4.697532176971436	17639	4.767933368682861	16622	4.786104202270508	28505	4.805269241333008	17992	4.81074333190918	65629	4.875466823577881	17131	4.886574268341064	38847	4.97542667388916	8616	4.985806465148926	36172	5.063550472259521	5083	5.073633670806885	52479	5.089944839477539	48569	5.103763580322266	31522	5.138260841369629	
59163	5.139186859130859	45072	5.226975440979004	13434	5.527328491210938	47610	5.800796508789062	20916	5.924162864685059	68182	6.064389705657959	20948	6.259604454040527	7345	6.296753406524658	43420	6.320720672607422	26621	6.350754737854004	33138	6.389384746551514	53765	6.404739856719971	60348	6.493117809295654	38180	6.512818336486816	48295	6.521314144134521	35494	6.532511234283447	46250	6.540625095367432	2609	6.545425415039062	12334	6.552185535430908	48593	6.552746295928955	
8713	4.59566068649292	23958	4.698289394378662	9317	4.809774398803711	55024	5.014675140380859	58779	5.03706169128418	47074	5.100183486938477	34433	5.147271633148193	62911	5.17217493057251	47912	5.192331314086914	16097	5.225333213806152	26739	5.227133274078369	20132	5.242509841918945	9335	5.247613906860352	59775	5.262395858764648	20501	5.297497272491455	44988	5.350184440612793	12974	5.352633953094482	271	5.360990524291992	28431	5.36750602722168	68893	5.36989164352417	
