200 20
142291	170.13818359375	288372	217.3844451904297	35124	227.3785400390625	252770	237.3920745849609	169664	238.3442840576172	319245	244.7182006835938	282121	251.6346588134766	63778	255.8319702148438	86339	257.0194396972656	277355	258.6078186035156	194912	258.7662963867188	69391	264.3822937011719	49820	264.6696166992188	301725	268.830810546875	25142	270.7231140136719	79405	272.7489624023438	16872	273.8667602539062	320795	274.5195922851562	112439	275.2653198242188	233230	276.0307922363281	
160085	257.6392822265625	141429	265.7630615234375	25091	268.1436157226562	243596	269.2396850585938	162280	269.3752136230469	258940	270.6861572265625	38016	273.44287109375	262251	273.7389221191406	37314	274.0857543945312	191930	274.1258850097656	63007	275.7408142089844	275597	276.0162963867188	114792	276.0416564941406	178891	276.5339050292969	398	276.6604309082031	93025	276.7869262695312	110744	276.8573608398438	308372	277.2147216796875	80452	277.3301391601562	210260	277.4382934570312	
194616	83.99404907226562	61604	86.98850250244141	252757	103.2666473388672	173659	115.0912704467773	10868	124.8358917236328	169271	126.9763793945312	311084	131.2783355712891	255315	131.3087921142578	112558	132.1098022460938	309633	133.8207702636719	34293	135.9448394775391	165193	137.1130981445312	309617	141.3329467773438	151820	141.6474456787109	190649	141.8026733398438	282026	142.6148681640625	2828	144.0451354980469	216643	144.2463226318359	315320	144.2775115966797	317168	144.5268096923828	
308675	71.20393371582031	78679	78.83527374267578	257313	84.89405059814453	282497	85.21150207519531	307681	86.01162719726562	102446	86.21485137939453	12555	98.93431854248047	76824	103.8941802978516	113495	105.3280563354492	234329	105.8206024169922	67850	106.1131439208984	79203	107.0513916015625	257521	109.2657318115234	77960	109.8498992919922	299610	118.3342742919922	305928	120.5155563354492	185832	121.3836898803711	103102	129.4835968017578	225221	133.7460327148438	267079	135.0592498779297	
303057	130.6139373779297	229562	141.0248260498047	40539	150.6087646484375	182184	159.6652679443359	234101	193.7291870117188	28362	195.6578674316406	115556	198.9723663330078	21512	203.884765625	118529	206.2183380126953	216902	206.7534790039062	88838	210.0380859375	159191	214.4061584472656	142273	219.0616302490234	263080	224.3122863769531	52595	227.6752014160156	326953	228.1556549072266	110335	228.6350860595703	326514	229.1484222412109	114103	242.588134765625	105992	245.2957458496094	
218854	241.4497833251953	127745	241.7271118164062	121577	242	96132	242.2663879394531	115806	242.5036010742188	142115	244.6364593505859	43832	245.2590484619141	255323	245.9268188476562	174559	246.5867004394531	66355	246.9372406005859	279091	249.7158355712891	154136	250.0919799804688	1765	250.1459503173828	317660	251.5591430664062	86469	251.7300109863281	251221	251.9186401367188	230732	252.3489685058594	166127	252.6875610351562	52772	253.0276641845703	9975	253.1343536376953	
68741	96.21330261230469	299464	111.5661239624023	159927	124.012092590332	228721	124.3100967407227	188702	133.105224609375	330467	142.0739288330078	7455	143.3631744384766	304525	147.6448516845703	73174	148.9832153320312	34366	152.8561401367188	117174	154.9806365966797	186368	155.5345611572266	267995	155.7337493896484	92339	156.3265838623047	323411	156.5023956298828	213071	158.9811248779297	48660	160.0218811035156	149723	162.7451934814453	309654	163.1716918945312	70563	164.3228454589844	
37669	250.8784637451172	51865	264.0303039550781	75425	267.1741027832031	156360	271.8970336914062	158737	275.6138610839844	133372	275.8405456542969	113011	282.7454833984375	306093	283.3248901367188	238189	284.2551574707031	99439	284.5592956542969	199744	285.5503540039062	9294	286.2621154785156	331937	286.7594909667969	133616	286.9250793457031	189644	287.2611999511719	271042	287.3656311035156	213574	287.384765625	204196	288.3279418945312	212775	288.6433715820312	69310	288.6832275390625	
139492	174.3272857666016	6026	207.0410614013672	45637	212.7721710205078	13275	216.6933288574219	80657	219.5267639160156	258564	220.2339630126953	261601	223.0470733642578	53624	223.073974609375	55860	228.1205749511719	285729	229.3926696777344	262038	231.410888671875	210673	231.5966339111328	23052	231.9655151367188	72248	232.9399108886719	47186	233.2252197265625	77522	234.4909362792969	176082	234.8297271728516	262019	235.9025268554688	321806	235.9067687988281	194905	236.3239288330078	
173497	242.6211090087891	52612	243.0905151367188	135849	243.7355194091797	144553	245.0550994873047	329069	245.894287109375	268879	247.7498779296875	66535	248.7267608642578	209907	249.1264801025391	70596	250.4755401611328	108167	252.6024475097656	282937	253.0829925537109	302050	253.3475799560547	20873	253.6493682861328	139707	254.3481903076172	90753	254.4523468017578	311607	254.5250549316406	74836	255.4466705322266	159776	255.9062347412109	297688	256.1425476074219	133911	256.49560546875	
168600	183.5374603271484	21001	191.6168060302734	142864	211.1113433837891	293986	214.0210266113281	245480	217.239501953125	54113	250.8326110839844	279545	254.0393676757812	38982	255.7264099121094	128436	256.3942260742188	249556	265.5484924316406	135345	267.8245544433594	272713	268.8289489746094	83841	270.8191223144531	120678	274.4703979492188	195956	275.2944030761719	214799	275.8804016113281	237137	276.6875610351562	110809	276.835693359375	285116	277.5013427734375	240855	277.8218994140625	
209556	266.1597290039062	288245	268.221923828125	270445	278.759765625	172370	280.5263061523438	41301	294.0408020019531	36223	300.3447875976562	75784	302.1589050292969	161632	302.2846374511719	256765	309.6788635253906	116622	315.05078125	196135	317.3215942382812	246421	318.5937805175781	11220	321.1386108398438	84521	321.9176940917969	78405	324.792236328125	19245	325.08154296875	255646	327.9710388183594	162822	329.2977294921875	84422	329.405517578125	212521	329.9499816894531	
267414	242.7797393798828	320764	244.2805786132812	221092	246.1503601074219	57572	253.6217651367188	108603	253.9173126220703	53220	259.692138671875	188364	292.5884399414062	181376	292.6977844238281	205185	296.4725952148438	71212	297.5315246582031	172065	297.9765014648438	327059	301.2308044433594	312194	302.3342590332031	159830	303.6296997070312	18535	304.0213928222656	177135	304.2729187011719	79243	310.1999206542969	119911	310.761962890625	113199	313.8932800292969	44538	314.1846618652344	
310050	160.4618377685547	214897	280.7668151855469	325390	304.5488586425781	51388	306.1600952148438	35046	306.4277954101562	35384	308.987060546875	1781	310.2821350097656	33859	316.5248718261719	308988	316.69384765625	132414	317.9685668945312	230596	318.4996032714844	60500	318.8165588378906	43677	318.8541870117188	32893	320.9236755371094	183799	321.322265625	269314	322.2917785644531	176081	322.5879821777344	122823	322.9442749023438	97232	323.9120178222656	294884	324.6490478515625	
28495	79.86238098144531	67391	84.18431854248047	226853	100.2845916748047	266868	110.8332061767578	75083	111.0720520019531	27482	112.0624847412109	104677	113.2166061401367	168765	113.7233505249023	88048	114.2190856933594	157330	115.0869216918945	308123	116.5461273193359	186257	116.6018905639648	156243	117.2305450439453	189633	117.8812942504883	138202	118.0974197387695	104379	118.2328186035156	35677	118.9243469238281	1329	119.4445495605469	262173	120	131806	120.3702621459961	
284885	270.0055541992188	102373	279.6390380859375	177473	281.4160766601562	21407	282.2197875976562	238105	283.9119567871094	172782	284.2445983886719	245855	284.9473571777344	119667	286.403564453125	63399	287.0992736816406	248155	287.8836669921875	307924	288.4076843261719	35239	288.6225891113281	164106	289.5772705078125	162115	289.9482727050781	70168	291.2421569824219	70539	291.5956115722656	18710	291.7156066894531	211217	292.7763671875	177102	292.7900390625	168659	294.0339965820312	
63755	189.8604736328125	34822	207.1979675292969	328936	209.7927551269531	265511	210.5848999023438	194439	236.767822265625	200382	245.6277618408203	180988	254.1377563476562	87685	259.9980773925781	34091	261.0651245117188	272041	266.5351867675781	163664	266.799560546875	75430	267.1160888671875	200465	267.1984252929688	255285	269.59228515625	125726	271.3853454589844	291168	273.3477783203125	307797	273.653076171875	253645	275.2689514160156	283020	275.4777526855469	280181	276.9873657226562	
104395	142.5692749023438	119488	143.6210327148438	199570	225.4440002441406	268240	228.3703155517578	2872	240.9833984375	62039	242.6540679931641	298510	248.6704711914062	6519	249.1224670410156	294231	258.4105224609375	322203	265.1810607910156	7321	265.5692138671875	2588	266.7227172851562	273636	266.8482666015625	35218	267.7218627929688	53914	267.9141540527344	154000	268.1902160644531	107025	269.6775817871094	98521	270.1129455566406	170357	270.9760131835938	126541	270.9944763183594	
61746	167.526123046875	279276	167.5410461425781	176031	168.9674530029297	264600	186.1692810058594	217042	187.2698516845703	158112	193.2278442382812	72308	194.2421112060547	154727	197.0050811767578	193435	202.622802734375	140060	202.9310302734375	239984	206.8912811279297	253082	211.0047454833984	300615	213.9626159667969	80972	216.3677368164062	73267	217.9954071044922	304536	218.744140625	226574	221.1876983642578	286680	223.7476196289062	4524	224.379150390625	135144	228.0307006835938	
110514	265.8138427734375	318302	272.2204895019531	215565	275.8423461914062	75752	288.7230529785156	57589	293.5336303710938	243070	294.1598205566406	203174	294.2396850585938	314467	300.2199096679688	178780	301.7316589355469	255334	301.8923645019531	228060	305.7319030761719	324989	308.0357055664062	247021	309.2151489257812	307663	309.8241577148438	278027	309.8887023925781	18926	310.3948974609375	326227	312.8657836914062	73469	313.2842102050781	139160	313.6207885742188	7714	314.3533020019531	
244466	144.0624847412109	169017	156.3073883056641	44736	156.8247375488281	129799	158.5812072753906	258594	165.8131408691406	257326	166.0421600341797	53942	169.7350921630859	232652	174.1637115478516	248607	185.5370635986328	54330	186.8903350830078	139050	197.8989715576172	209278	199.1230773925781	257810	199.1255950927734	282120	200.8158416748047	315751	203.8479766845703	113232	205.7304077148438	30631	207.4174499511719	152326	208.1417846679688	331344	208.1730041503906	149121	209.6830902099609	
59166	180.1554870605469	225086	193.7730560302734	206843	203.4723510742188	119564	219.8226623535156	12578	234.1452484130859	48881	234.2562713623047	198437	260.5052795410156	211240	280.8024291992188	169990	281.1014099121094	80007	284.1056213378906	272962	287.426513671875	225365	287.4873962402344	212140	288.9896240234375	129455	294.0816345214844	215187	294.18701171875	245691	299.345947265625	270162	300.4995727539062	170156	301.5244750976562	134276	303.3232727050781	11444	304.483154296875	
87163	103.5132827758789	71823	104.8951873779297	114569	105.5840911865234	88181	105.9480972290039	22157	110.6977844238281	189617	110.8918380737305	328198	114.0833053588867	126913	117.5457382202148	323900	117.8855361938477	288345	118.2920150756836	301507	119.0882034301758	154829	121.6305847167969	210597	122.4622421264648	24005	125.1838684082031	77699	128.5846099853516	257482	129.5144805908203	238301	130.5526733398438	188202	130.9809112548828	39657	133.8170318603516	305382	135.0370330810547	
107963	143.7428283691406	29627	175.2541046142578	5088	186.8876647949219	66532	187.7205352783203	86112	188.8332672119141	190690	190.9004974365234	259416	193.1916198730469	204413	193.7988586425781	114843	195.7907104492188	237255	196.4764556884766	221602	197.7953491210938	262627	199.2686614990234	170117	199.4467315673828	97107	200.0599975585938	147142	201.4249267578125	215257	206.4533843994141	247918	208.7007446289062	181260	210.0547485351562	214555	211.3693389892578	10247	212.0117950439453	
104440	222.7891387939453	182926	276.2372131347656	280166	286.6129760742188	41022	286.8030700683594	155265	286.8867492675781	47601	292.8753967285156	96933	302.2929077148438	49045	303.1072387695312	95760	304.4486694335938	47321	305.6730346679688	29451	306.6203002929688	82778	306.7034301757812	258467	310.0435485839844	325429	310.8504333496094	35554	312.6707458496094	26340	314.0015869140625	249513	314.0414123535156	4276	314.2117004394531	235572	314.9571533203125	172763	315.17138671875	
57534	190.4599761962891	11433	217.4281463623047	212415	222.1486053466797	47204	242.7200012207031	22633	252.6163024902344	99209	272.8479309082031	105196	272.96337890625	219808	273.2251892089844	128498	276.9422302246094	1361	279.8481750488281	3239	279.8517456054688	208250	283.9929504394531	33492	284.6647033691406	24003	285.599365234375	157015	285.6466369628906	23804	287.2716369628906	202048	289.3492736816406	36147	291.42236328125	20879	294.4927978515625	150294	297.095947265625	
266800	176.4312896728516	48467	177.5077514648438	27605	181.5571594238281	100212	211.51123046875	107752	211.73095703125	80604	213.0938720703125	299342	219.2373199462891	140680	219.9863586425781	287381	221.1130981445312	212976	221.1876983642578	158736	221.3187713623047	17108	223.6336364746094	168153	226.5038604736328	81157	227.7783966064453	206318	228.6941223144531	88992	229.3926696777344	238837	231.8577117919922	316744	232.2950744628906	275535	232.7745666503906	63418	232.8561859130859	
264956	194.5918731689453	198106	206.4945526123047	177757	213.0985717773438	78905	225.0377807617188	205454	250.7548675537109	161998	253.4383544921875	103069	254.3599853515625	8093	256.7605895996094	139314	262.7774658203125	330607	263.0151977539062	110587	263.3040161132812	108722	263.66455078125	97724	266.5895690917969	238118	268.791748046875	30495	269.6201171875	55005	270.5882568359375	56163	272.8626098632812	277506	273.9744567871094	93428	274.8654174804688	128529	276.2987365722656	
229823	168.4072418212891	192087	183.0874176025391	315448	218.7807159423828	23747	221.1153564453125	18794	247.2610015869141	326708	252.64599609375	199042	252.8477783203125	103208	253.5902252197266	199054	255.6990356445312	317631	257.6645202636719	167917	258.936279296875	154870	260.7930297851562	119271	261.1474609375	93021	261.419189453125	125797	263.0969543457031	68863	265.0188598632812	90501	265.7047119140625	227086	266.7958068847656	282643	267.3929748535156	289093	267.6434326171875	
320395	99.22701263427734	293786	147.8850860595703	60876	151.0430450439453	153034	151.0430450439453	108071	152.1216583251953	269786	158.8993377685547	239097	160.3028411865234	78576	160.5677490234375	306960	165.0060577392578	4685	165.1423645019531	197948	168.4577026367188	295532	171.2863159179688	108631	171.6187591552734	105029	172.3774871826172	126895	176.4142913818359	188393	177.4739379882812	101741	178.392822265625	141399	178.5357055664062	308926	179.0446929931641	87137	179.3962097167969	
121779	65.39877319335938	316746	115.5897903442383	288303	116.3572082519531	154922	124.5150604248047	158752	137.9746398925781	166767	138.7155303955078	141089	139.4704284667969	327791	143.2934112548828	58432	144.4610748291016	95014	146.8979187011719	284754	148.2801361083984	292297	155.0516052246094	305440	158.0316467285156	56625	159.1383056640625	291550	164.094482421875	197226	165.0090942382812	203957	168.7394409179688	10434	169.7498168945312	330571	179.2149505615234	142681	182.2745208740234	
150271	178.8770599365234	78369	181.5130920410156	108404	225.7963714599609	146344	231.6311798095703	29012	252.1467895507812	1046	281.634521484375	254776	286.1031188964844	48377	286.9965209960938	156896	287.9062194824219	237002	288.4718322753906	63433	289.7378234863281	127546	290.6561584472656	123539	291.1168212890625	285824	291.9503479003906	147493	293.4246215820312	154909	293.5847473144531	40908	293.6085815429688	188389	293.7788391113281	124495	294.6133117675781	141523	295.3489379882812	
310185	170.5901489257812	261430	230.6772613525391	65197	234.2434692382812	110862	239.2195587158203	231926	257.3285827636719	278204	259.1389465332031	50639	261.0133972167969	147603	272.248046875	189563	277.2507934570312	310826	279.5907592773438	107737	280.7472229003906	101293	282.0691528320312	216837	283.4166564941406	197821	288.1978454589844	139665	288.7542114257812	138280	290.0792846679688	105390	291.091064453125	230256	293.4944763183594	153655	297.2860717773438	51924	298.2046203613281	
285794	171.9447631835938	330713	208.7031402587891	204141	231.1017150878906	23629	236.9852294921875	33937	269.3380737304688	20642	281.8652038574219	216617	281.9219665527344	108001	282.8462524414062	303375	287.9496459960938	19382	303.7713012695312	140537	309.3703308105469	136430	316.5896301269531	97280	320.0578002929688	306227	322.1397094726562	17854	325.8711547851562	304414	331.2748107910156	128133	332.9249267578125	166328	333.0975952148438	116098	333.4246520996094	286426	335.7767028808594	
274631	125.4392318725586	21417	165.7860107421875	257958	177.9578552246094	184380	180.6349945068359	183820	183.4066467285156	58227	187.9654235839844	11063	189.7603759765625	140093	196.4764556884766	327214	197.3322143554688	270011	197.36767578125	271488	197.8231506347656	296848	197.8787536621094	300033	198.3280181884766	5013	199.1607360839844	290378	199.7398376464844	147626	200.3671569824219	5998	201.9455413818359	109442	201.9480133056641	133890	204.7071075439453	174773	205.3119506835938	
305942	119.7205047607422	201025	169.1892395019531	253138	174.3358764648438	52168	216.9815673828125	47260	220.4245910644531	65055	232.1615753173828	8201	250.6710968017578	300577	268.0541076660156	326491	272.7691345214844	5261	274.1368408203125	103604	276.3946533203125	138627	277.4725341796875	98694	278.9049987792969	233827	281.6434020996094	272171	282.0531921386719	19161	284.9105224609375	134152	285.0508728027344	299526	288.2186584472656	257595	288.4683837890625	127783	293.78564453125	
228590	174.9599914550781	43604	226.072998046875	147996	227.2839660644531	34635	238.8995666503906	330417	243.8544616699219	154255	244.1229248046875	149204	256.5111999511719	169010	267.8283081054688	144081	270.43115234375	328180	270.6418151855469	253917	272.8900756835938	317115	283.75341796875	94482	286.8327026367188	141439	286.8675537109375	123206	294.5538940429688	310586	297.2171020507812	89120	298.0218200683594	296637	298.8645324707031	156741	299.9649963378906	213872	300.4679565429688	
87275	143.2236022949219	193667	165.3511352539062	143863	166.4271545410156	317167	171.0058441162109	307022	182.3293762207031	144291	183.0382537841797	20203	184.4152984619141	165628	185.0810699462891	1368	185.6071166992188	206878	185.8117370605469	155405	190.4074554443359	81648	190.6856079101562	219613	190.8769226074219	72491	192.0650939941406	125814	192.3252410888672	11453	193.2407836914062	134886	194.04638671875	158365	194.0953369140625	196997	194.2163696289062	329696	194.3244781494141	
309344	277.1461791992188	220541	278.1114807128906	299466	279.3349304199219	255794	279.9089050292969	122561	280.2320556640625	79339	280.3997192382812	195819	281.7853698730469	85106	281.8315124511719	7622	282.3101196289062	331833	282.8462524414062	268390	284.1443176269531	204137	284.26220703125	7677	285.3138732910156	189735	285.9388122558594	250476	286.616455078125	13149	287.6769104003906	87369	288.0746459960938	190249	289.2663269042969	27552	290.11376953125	159864	290.45654296875	
16363	262.7945861816406	267260	277.65625	12196	287.7742309570312	181001	289.9948425292969	294521	290.1844177246094	219898	290.4048767089844	170352	292.4534301757812	44301	293.4638061523438	56045	295.8648376464844	29204	296.5265502929688	297037	297.3970336914062	212644	298.0016784667969	22807	299.4945678710938	324271	299.6631469726562	69212	300.0983276367188	323656	300.7357788085938	325412	300.8305053710938	205627	301.101318359375	144259	302.312744140625	280610	302.5657043457031	
138879	147.8208312988281	731	185.7659759521484	264772	263.9810485839844	177891	270.67138671875	267572	271.0645751953125	45033	273.4648132324219	323957	276.990966796875	20597	278.0323791503906	136623	280.9359436035156	129300	281.6522827148438	125121	282.1400451660156	35222	282.2268676757812	312607	282.4411315917969	11111	282.7153930664062	301995	282.8427124023438	309497	282.9964599609375	115573	283.9788818359375	16299	285.4435119628906	85312	285.6116333007812	287674	285.7673950195312	
123432	178.3900146484375	156814	181.9642791748047	92220	197.1446228027344	138410	197.6638488769531	207613	207.0217437744141	188651	213.0234680175781	166430	215.0534820556641	87088	218.0963134765625	261433	237.2572479248047	115504	238.7467346191406	49420	239.2341918945312	265034	244.3419799804688	166133	249.9599914550781	78723	253.6257019042969	25772	255.2606506347656	65076	260.0230712890625	291806	260.7738342285156	280787	260.9846801757812	59653	261.5320129394531	237127	263.5526428222656	
220759	135.1665649414062	200307	155.3447723388672	8063	156.9968109130859	277903	188.1302795410156	20619	201.1566619873047	132515	202.8743438720703	149693	216.6933288574219	228287	219.2350311279297	125565	229.2553100585938	23983	234.01708984375	169155	244.6936798095703	208340	248.0665283203125	315693	260.0634460449219	297363	261.3120727539062	14443	265.4260864257812	324303	275.3634033203125	78569	277.0126342773438	34086	279.3939819335938	238868	279.4673461914062	321666	280.9110107421875	
13633	223.3360748291016	40677	229.2640380859375	57815	231.4260101318359	235470	238.0147094726562	308538	238.2204895019531	286284	239.4786071777344	263559	240.3372650146484	46911	240.4079895019531	4032	240.9833984375	100695	241.7808990478516	258331	251.07568359375	200088	251.4517822265625	97042	252.0932312011719	120809	252.2756500244141	87995	253.2173004150391	256175	254.5446929931641	227481	256.4215393066406	88412	256.6729431152344	274063	257.4082336425781	152589	257.6683959960938	
296457	80.41765594482422	159101	90.3548583984375	125270	94.72592163085938	64461	98.64582824707031	306341	98.80789184570312	153768	99.7196044921875	235041	100.573356628418	19690	102.4304656982422	33560	104.5370712280273	300470	105.2663269042969	158899	105.4893341064453	31100	106.8690795898438	154034	108.4112548828125	7526	108.5218887329102	165263	108.9954147338867	19828	109.5308151245117	34013	109.8544464111328	203040	110.7068176269531	193722	110.8106460571289	233521	111.2699432373047	
248763	164.8544769287109	216172	230.7054443359375	273023	232.7315979003906	202638	244.8325958251953	64360	247.0566711425781	221759	255.0117645263672	105448	260.7546691894531	10024	263.0912475585938	193143	263.4065246582031	94636	264.8282470703125	100624	266.4357299804688	210265	266.5764465332031	56840	267.5499877929688	190587	268.9739685058594	54644	269.1170654296875	175670	269.5997009277344	186453	270.16845703125	49974	271.0184631347656	159543	271.5087585449219	208297	271.6468200683594	
312813	36.29049301147461	21740	61.02458572387695	107182	63.94528961181641	131111	73.11634826660156	219187	80.734130859375	186278	84.72898101806641	67421	89.72736358642578	298576	90.00555419921875	223393	91.58602142333984	72154	92.15204620361328	159603	93.12894439697266	246132	95.83840942382812	162281	96.92781066894531	314191	99.05049133300781	42501	99.20685577392578	227702	100.9801940917969	78962	105.3897552490234	139793	105.5935592651367	143078	105.7544326782227	125922	109.7724914550781	
185905	99.71459197998047	237666	103.1503753662109	37621	113.8200302124023	282187	113.8376007080078	245393	117.4265747070312	151165	133.2591400146484	1030	135.7571411132812	330157	136.5210571289062	143757	145.6125030517578	323919	165.0121154785156	248111	165.3481140136719	243744	169.0266265869141	297822	186.0107574462891	184743	186.3464508056641	159121	187.8057556152344	172178	187.9468078613281	287696	189.3145599365234	160322	190.8926391601562	141681	195.7217407226562	217898	198.9748687744141	
91948	142.8320617675781	189110	152.3253173828125	152298	155.0322570800781	8233	163.2053985595703	196296	176.3632659912109	150963	176.8247680664062	58763	177.9072723388672	167359	179.7498321533203	84667	181.0856170654297	233676	181.9148101806641	17734	182.2690277099609	191270	182.8441925048828	251772	185.0648498535156	318717	185.0675506591797	256399	186.5636596679688	89416	187.5126647949219	33708	188.9550170898438	133571	189.232666015625	139753	189.6338653564453	40365	190.2340698242188	
66908	100.0849609375	125555	104.3982772827148	152087	106.1367034912109	206641	109.1741714477539	143665	110.4988708496094	9650	112.8450241088867	16727	116.4946365356445	277434	120.1415863037109	184376	124.44677734375	130273	125.3395385742188	278212	126.6372756958008	271623	127.7849731445312	182096	128.4951324462891	128694	130.1268615722656	293490	130.1575927734375	98535	130.1883239746094	47738	130.3456878662109	101226	131.5484771728516	257680	134.9221954345703	94465	135.55810546875	
238662	124.8839492797852	243267	173.3320465087891	103956	173.4358673095703	220153	203.7841949462891	13160	216.3977813720703	40224	222.1351013183594	299391	224.9422149658203	33284	226.0110626220703	138019	231.0995483398438	164760	232.0043029785156	134341	240.6138000488281	294225	243.2673492431641	87896	244.4544982910156	180208	245.8739471435547	5819	246.1645812988281	273796	247.0323791503906	35885	247.2690887451172	194555	248.408935546875	179805	249.6337280273438	263259	249.7458648681641	
190473	266.0582580566406	184602	269.7257995605469	290743	270.212890625	23725	270.4921569824219	271716	276.4344482421875	210130	276.7507934570312	81794	277.4887390136719	234748	279.8392333984375	146845	280.3034057617188	104103	281.4142761230469	261262	281.5137634277344	288445	281.8581237792969	115430	283.0476989746094	224758	283.2702026367188	204584	283.3707885742188	183675	284.3589172363281	172744	286.5100402832031	115604	286.8100280761719	32625	286.9250793457031	98222	287.4369506835938	
70587	84.48076629638672	264337	124.2215728759766	147656	130.5565032958984	21684	135.2848815917969	317474	155.7176971435547	250003	161.4063262939453	196028	163.4349975585938	179585	169.0976104736328	83342	182.06591796875	41196	185.8655395507812	73097	194.3141784667969	260064	198.0934143066406	32648	199.1280975341797	279560	200.494384765625	160703	200.7236938476562	165835	203.8651580810547	85054	205.7425537109375	150482	208.12255859375	18385	212.7557220458984	155271	212.9835662841797	
73065	164.1919555664062	982	166.7033233642578	91417	173.8533935546875	259128	178.1375885009766	13941	178.2442169189453	225886	179.0446929931641	306803	180.7041778564453	237579	182.8168487548828	95738	183.5374603271484	177507	184.2362670898438	207917	184.4478302001953	214006	185.1755981445312	255411	186.0994415283203	20487	187.608642578125	329741	188.8888549804688	87143	189.4333648681641	71742	189.8104248046875	149508	190.0420989990234	47688	190.0657806396484	177856	190.4520874023438	
297372	177.6485290527344	101430	280.97509765625	3332	290.9140625	190683	293.6698913574219	244662	295.9678955078125	285267	296.4591064453125	293485	297.1716613769531	22674	299.2640991210938	28583	299.8216247558594	121867	300.2632141113281	223905	301.9304504394531	41374	306.1012878417969	191362	307.1302795410156	172996	307.3076782226562	201899	307.6784057617188	226885	308.0665588378906	86925	309.1310424804688	172612	310.130615234375	264663	311.4305725097656	102819	311.7627258300781	
226485	177.3104553222656	65536	181.430419921875	259254	193.3209838867188	50140	196.2269134521484	183972	203.4698944091797	183560	206.42431640625	4220	210.0499877929688	292291	211.1871185302734	192018	219.9613647460938	59164	220.0772552490234	58078	220.4427337646484	40765	220.6354522705078	322273	222.5668487548828	317201	222.7734222412109	120837	222.9259948730469	208874	224.2454071044922	261591	224.5373077392578	276582	224.5951843261719	295800	224.9688873291016	239541	225.3375244140625	
138757	63.54525756835938	63296	91.40021514892578	47843	110.3539733886719	114892	111.9732131958008	121780	111.9821395874023	136506	112.614387512207	269569	113.8288192749023	189189	114.1884384155273	59507	118.452522277832	280320	119.50732421875	72824	122.3928070068359	40679	123.8022613525391	97846	125.3714447021484	272311	132.0605926513672	290287	137.3062286376953	310817	141.0248260498047	295659	142.9055633544922	52519	144.1249389648438	13114	144.6893157958984	55411	145.2962493896484	
108078	133.6375732421875	38841	157.8986968994141	286712	170.5139312744141	179791	177.6963653564453	244880	181.8680877685547	134524	182.8715362548828	114547	186.4644775390625	159677	188.8941497802734	144671	189.3832092285156	176801	189.4016876220703	252849	189.5468292236328	22370	189.6417694091797	204611	190.1499481201172	286296	190.6147918701172	161371	192.6629180908203	195837	194.3682098388672	159090	194.8383941650391	134022	195.107666015625	84451	195.4942474365234	74072	195.7242889404297	
309291	170.3173522949219	164184	194.2524108886719	281865	205.3582305908203	163049	214.1284637451172	151248	216.31689453125	69314	229.6279602050781	220440	229.8564758300781	68480	234.1922302246094	303176	238.3212127685547	40465	238.6000823974609	213452	239.8728790283203	68131	242.9814758300781	159557	245.0081634521484	170654	246.1280212402344	143460	247.1902160644531	82954	247.6146240234375	308985	247.6529846191406	16247	248.0645141601562	21634	250.2858428955078	131393	250.6910400390625	
49371	76.746337890625	236821	92.49864959716797	76275	94.27088928222656	78619	97.26766967773438	259385	101.4642791748047	89433	101.9754867553711	174718	104.1729354858398	167840	104.292854309082	227385	104.6900177001953	122123	105.05712890625	269424	106.3343811035156	330835	106.5926818847656	110243	106.7145690917969	166848	107.6800842285156	215107	107.9907379150391	293329	109.3937835693359	25988	110.1408157348633	279445	111.6736297607422	182713	112.1918029785156	46817	112.2185363769531	
109827	131.6966247558594	145761	169.8823089599609	8230	186.5341796875	30304	192.8730163574219	31404	214.4084930419922	125511	224.8332672119141	43135	233.2080688476562	216491	233.4651947021484	109190	235.5355529785156	48153	240.5410614013672	154418	243.1604461669922	186994	244.6630401611328	86883	247.4550476074219	42726	254.1023406982422	266724	257.2547302246094	291298	257.8507385253906	184265	259.1389465332031	2631	259.3318481445312	233178	260.8236999511719	154327	261.568359375	
64804	241.8160400390625	2751	245.3670654296875	274786	246.7468414306641	304286	247.5661468505859	300435	251.2230072021484	179278	252.9822082519531	331312	253.1916198730469	314372	253.8739776611328	37476	255.8905944824219	282466	256.3200988769531	237294	256.8345642089844	192319	258.6542053222656	211709	258.7025451660156	82086	258.9285583496094	110718	259.1601867675781	115514	259.3665466308594	220232	259.5245666503906	175722	260.1403503417969	19358	261.4019775390625	267573	261.623779296875	
76958	224.0290222167969	106959	239.2279205322266	12621	243.5179595947266	56569	244.6221618652344	130260	245.9349517822266	150070	246.2742309570312	26165	247.2063903808594	311680	250.3737182617188	157766	251.7876129150391	58190	252.1388549804688	292978	252.7370147705078	173865	254.5368347167969	304670	257.2314147949219	284394	257.6101684570312	270061	257.6645202636719	152108	260.1134338378906	169747	260.6012268066406	28218	261.4134521484375	320851	264.329345703125	278995	265.6539001464844	
238873	53.83307647705078	109154	62.08059310913086	204187	71.84706115722656	82968	74.89325714111328	289803	79.98124694824219	62254	79.99375152587891	3544	81.01851654052734	239953	82.09750366210938	230840	83.60621643066406	163046	84.16056060791016	215785	84.33860015869141	52707	87.69264221191406	49792	88.97752380371094	322513	91.36191558837891	292756	91.79324340820312	58051	93.28450775146484	329313	93.5521240234375	53250	94.83142852783203	242255	95.96874237060547	313461	95.99478912353516	
138742	184.8810424804688	316489	188.0585021972656	171204	194.229248046875	225776	201.5415649414062	216320	217.8439788818359	237720	223.2957611083984	120475	230.6729278564453	67723	239.1652221679688	108287	240.7425994873047	257139	246.572509765625	114611	249.8439483642578	306966	250.2019195556641	266234	254.9764709472656	93317	256.6846313476562	240190	257.0505676269531	145850	257.5072937011719	230541	257.6354064941406	196828	257.8565368652344	117111	258.3486022949219	58121	258.6716003417969	
92861	166.91015625	205448	200.4270477294922	215504	206.9951629638672	10286	211.4071960449219	70231	213.7872772216797	249625	213.8597717285156	100470	220.2271575927734	27563	223.2599334716797	42578	225.2354278564453	31308	226.7796325683594	41684	227.5917358398438	247465	229.6453857421875	276456	230.3019714355469	164317	231.7714385986328	33675	233.1351470947266	122043	234.0747680664062	39964	234.4205627441406	196309	234.8446350097656	258243	235.8007659912109	189896	235.8346862792969	
155943	130.1422271728516	304555	141.9647827148438	262261	161.3164520263672	133379	180.8894653320312	276507	183.3712158203125	38591	192.0286407470703	30649	194.8845825195312	313570	195.4072723388672	59134	196.0561218261719	249867	197.7371978759766	51005	197.7801818847656	98550	199.6271514892578	180327	202.8028564453125	273008	203.5853576660156	269153	213.1501770019531	328905	218.3185729980469	329617	219.5654754638672	85553	219.8476715087891	137217	221.1221313476562	114794	222.3645629882812	
195630	129.4526977539062	266274	135.1776580810547	105193	149.9633331298828	150065	165.2119903564453	252245	166.1565551757812	135097	166.1625671386719	173497	167.4992523193359	284246	168.2052307128906	159797	171.5342559814453	306733	172.7859954833984	35784	175.5790405273438	320160	175.9346466064453	108167	176.03125	119229	180.2165374755859	12911	180.5602416992188	296380	180.9779052734375	43501	181.9285583496094	111873	182.4910888671875	59091	182.8524017333984	230600	183.8994293212891	
159758	219.9454498291016	142660	231.1774139404297	243176	241.0580902099609	98092	247.2670593261719	30501	247.8648834228516	211853	248.4894409179688	157634	248.6905670166016	130041	253.4561157226562	94062	253.8720092773438	40026	256.2576904296875	93714	258.0658874511719	22562	258.669677734375	109604	264.8207092285156	174377	265.3394165039062	119026	265.6953125	216779	272.2627258300781	208133	274.3282775878906	209335	274.8254089355469	167914	276.4850769042969	12231	278.2678527832031	
55037	179.8999786376953	280843	183.8885498046875	328999	193.9149322509766	117430	199.0753631591797	211582	202.4821014404297	86898	202.5487670898438	25283	203.5018463134766	122374	204.5018310546875	9427	205.533447265625	61060	207.2196960449219	180729	210.8838500976562	87415	211.151611328125	172713	211.4970397949219	319746	212.0542449951172	146400	212.6899108886719	249518	214.5600128173828	267021	214.5623474121094	112322	216.0995178222656	292331	216.73486328125	49361	217.1704406738281	
46246	197.1446228027344	220792	255.7928924560547	5639	263.8427429199219	87591	265.2790832519531	83094	275.6864013671875	301526	275.7154235839844	135655	287.4734802246094	244806	288.0052185058594	22606	292.2892456054688	8829	297.2826843261719	230589	299.36767578125	180105	301.8757934570312	225796	301.9900512695312	258184	305.1868286132812	77691	307.4768371582031	264444	308.8705139160156	276962	312.0817260742188	93168	313.4932250976562	165925	313.5267028808594	301903	315.8544006347656	
104045	50.71488952636719	206583	108.2774200439453	124852	113.1901092529297	137468	114.9130096435547	291011	123.4625473022461	28511	126.0912399291992	84322	136.407470703125	181229	136.5613403320312	108624	137.3244323730469	127631	140.3495635986328	247386	140.8935699462891	134377	143.7010803222656	15412	148.2329254150391	26956	148.5328216552734	5846	152.9280853271484	320064	155.0903015136719	116876	155.9070281982422	9177	158.5433654785156	187080	159.5901031494141	247891	159.6089019775391	
328819	110.9819793701172	254516	122.0532684326172	172420	191.817626953125	91416	206.0169830322266	24345	254.0590515136719	165166	255.066650390625	183323	258.371826171875	270214	262.194580078125	236234	262.22509765625	259979	263.0209045410156	14010	265.6162719726562	41979	266.8857421875	8799	268.8921813964844	210118	269.9722290039062	20095	270.296142578125	202771	270.7194213867188	153879	271.9852905273438	294895	272.1121215820312	1678	273.16845703125	83368	273.9050903320312	
120350	100.762092590332	167962	108.7014236450195	283677	111.0900573730469	255328	111.8078689575195	177486	113.6221771240234	193163	115.1954879760742	22219	120.2746887207031	294245	162.5853576660156	296721	165.0212097167969	23784	168.1368560791016	35658	171.2016296386719	125813	175.2598114013672	269224	189.2670135498047	271857	192.0286407470703	147452	194.3707733154297	110582	197.7902984619141	133330	198.9421997070312	157889	200.0649871826172	273263	200.6688842773438	150481	200.7112426757812	
270030	48.02082824707031	130115	157.5119018554688	104215	197.0329895019531	129955	223.1725769042969	215150	233.5808258056641	166968	236.0614318847656	232828	258.8783569335938	291384	274.2863464355469	21636	277.9064636230469	305783	279.7606201171875	98185	281.1085205078125	320659	281.3094482421875	324215	281.9006958007812	157696	283.0865478515625	120948	284.2762756347656	35408	284.740234375	135196	285.8845825195312	59519	285.9632873535156	119758	286.4070434570312	326672	287.2002868652344	
17890	197.4056701660156	85574	206.0727996826172	58894	220.3224945068359	155345	239.3240509033203	307503	244.5138092041016	176884	247.6751861572266	332457	248.3163299560547	56844	249.9739990234375	307222	250.3417663574219	17615	252.4480133056641	152653	252.8299865722656	127626	253.2725830078125	20608	253.8089904785156	240436	255.207763671875	114802	256.8754577636719	103013	257.2936096191406	157955	257.5325317382812	34917	257.5965881347656	16723	257.767333984375	115367	257.8003234863281	
256524	271.854736328125	181225	274.5578308105469	189467	274.9272766113281	178604	280.7365417480469	221871	281.256103515625	105164	283.3972473144531	246670	283.3972473144531	317570	285.9860229492188	137527	291.2164001464844	168294	291.9606018066406	237913	293.59326171875	293971	297.90771484375	51963	298.7574157714844	2546	298.8778991699219	212930	299.7165222167969	135584	299.88330078125	312714	300.1916198730469	314589	301.668701171875	112926	302.1986083984375	75246	302.415283203125	
102037	155.7273254394531	256733	193.6724090576172	96163	195.7983703613281	311924	208.9042816162109	206243	209.5590667724609	55993	215.22314453125	134269	218.0779724121094	128757	227.2927551269531	228426	227.4686737060547	266291	228.0328979492188	230279	228.5103912353516	126525	228.7597045898438	214050	235.4017791748047	169888	235.7074432373047	325023	236.0741424560547	255503	239.6476593017578	181259	239.8895568847656	237159	241.9276733398438	88127	242.2643127441406	164514	242.7179412841797	
277090	81.20960235595703	188866	118.0084762573242	26982	137.5063629150391	5363	152.8267059326172	124691	169.8528747558594	270441	172.3919982910156	174882	184.6835174560547	36780	186.3786468505859	244072	199.3113098144531	283556	217.3775482177734	295365	217.4925231933594	218443	217.8738098144531	298149	219.1894226074219	222235	224.7020263671875	183766	227.8376617431641	160455	228.9192047119141	255819	229.4994506835938	138428	233.6065063476562	197952	234.6316223144531	129542	242.2333526611328	
308404	134.8888397216797	178398	165.6623077392578	143280	189.2960662841797	274493	238.7215881347656	38050	240.5410614013672	171339	243.8298645019531	114704	254.3108367919922	235499	256.5326538085938	151161	256.8559875488281	221273	257.0719604492188	205141	260.107666015625	151712	260.3747253417969	244753	263.7764282226562	150648	265.1056518554688	46038	265.7837524414062	78203	266.9737854003906	62277	269.5069580078125	88325	270.0333251953125	95886	270.9428100585938	288751	271.9485168457031	
319175	184.6970520019531	242761	223.9419555664062	25792	252.2399597167969	97689	284.0739440917969	169088	285.1490783691406	40164	288.7161254882812	201555	290.4358825683594	58938	291.4154968261719	301104	293.841796875	72502	293.9949035644531	258655	298.2499084472656	3446	299.1003112792969	108804	299.5630187988281	86962	300.9451904296875	74522	302.5194091796875	329646	305.3653564453125	122034	305.9215698242188	53651	307.7937622070312	241697	308.7814636230469	180407	309.3687133789062	
119998	158.7293243408203	140006	185.6394348144531	222156	199.9499969482422	28698	202.3981170654297	32051	216.4000854492188	99379	217.7567443847656	169444	223.4457397460938	249444	225.7144165039062	141752	227.9364013671875	317755	228.4447479248047	285856	229.1833343505859	197229	231.3590240478516	322180	232.3553314208984	266834	232.9763946533203	36770	233.2595062255859	152619	233.3730926513672	321837	234.0448608398438	139366	234.6848907470703	65763	235.7880401611328	260299	236.1207275390625	
239828	86.81589508056641	81819	114.9739074707031	126740	144.5198974609375	299648	151.578369140625	258145	151.8848266601562	263427	155.2771759033203	128957	157.7371215820312	143281	158.5339050292969	26850	158.8363952636719	118148	159.0880279541016	238376	162.9601135253906	244304	164.4201965332031	211988	164.8999633789062	313717	165.5022583007812	149393	167.1645965576172	216125	167.5649108886719	195552	168.1784820556641	146064	169.2808380126953	265409	169.5376129150391	159678	169.7704315185547	
262620	88.57200622558594	186726	138.1557159423828	28836	150.7182769775391	311886	164.7574005126953	257782	191.4236145019531	4260	196.8298797607422	71842	216.1157073974609	19392	226.8215179443359	197653	227.1056976318359	126997	227.8332672119141	723	227.8398590087891	18726	231.4346618652344	325815	231.9956970214844	150002	232.8862457275391	262095	233.160888671875	294702	233.5401458740234	118184	236.44873046875	96644	237.8612976074219	8351	238.3044281005859	203114	238.8744506835938	
326961	237.0316467285156	123428	239.1568450927734	33762	253.0296478271484	282818	253.8444366455078	253325	269.8147583007812	255501	273.9087524414062	298300	277.0649719238281	9923	283.3002014160156	327060	283.9383850097656	36251	285.1403198242188	165928	287.31689453125	197132	288.1562194824219	36387	288.324462890625	105168	288.4267578125	228116	288.478759765625	190228	288.9429016113281	250253	290.6785278320312	216855	291.1717834472656	179661	291.1889343261719	275257	291.7790222167969	
12405	92.68764495849609	49366	109.8726501464844	316735	119.3230895996094	131365	129.2323455810547	283940	171.1724243164062	70809	179.3181457519531	136881	179.3488159179688	133169	192.6006164550781	11209	205.7085266113281	145309	213.4525756835938	189592	217.3706512451172	118326	224.0089263916016	240130	227.1453247070312	312280	228.6700744628906	210456	230.9415435791016	50118	231.4173736572266	196784	231.4216918945312	130274	232.8368530273438	32940	233.6856842041016	293535	233.8910064697266	
215143	109.2657318115234	68049	144.9689636230469	255875	149.9133148193359	239278	158.3603515625	24565	181.1629028320312	186669	183.5619812011719	34643	188.5576782226562	102080	190.2130432128906	70798	195.9566345214844	282702	196.2855072021484	160874	196.8654327392578	145010	196.9416198730469	306748	198.3885040283203	216756	198.91455078125	123189	199.5720367431641	286380	200.2947845458984	204869	201.0348205566406	167267	201.8167419433594	102097	202.2276000976562	239310	202.46728515625	
227115	250.3856964111328	50207	272.8094482421875	115996	274.1277160644531	50167	281.3840942382812	258964	281.4196166992188	256294	282.0585021972656	286548	283.769287109375	113593	288.4458312988281	167555	289.5030212402344	196311	291.9246520996094	282513	294.047607421875	310643	294.3348388671875	136760	295.4538879394531	120032	296.4877624511719	4721	297.3987121582031	94201	297.5936889648438	228343	298.0704650878906	209860	298.6017456054688	260886	299.9466552734375	140194	300.5678100585938	
217905	163.5542755126953	271537	166.1836395263672	201938	168.7364807128906	223772	170.4464721679688	184250	171.2571105957031	232955	173.6692199707031	14457	181.2594757080078	206641	187.4033050537109	3682	190.1630859375	249646	191.3844299316406	110907	192.0208282470703	9680	192.9326324462891	132088	192.9792785644531	15132	193.4088897705078	279086	193.8195037841797	309744	193.9613342285156	19457	194.429931640625	94892	196.1453552246094	66908	196.3568115234375	52424	196.5044555664062	
278513	167.1047515869141	292679	224.4058837890625	213109	240.7509155273438	175170	254.7233734130859	73491	260.2998352050781	83887	271.6578674316406	111705	282.3579406738281	26251	283.6635437011719	92624	285.21044921875	275829	285.4312438964844	8858	286.5222473144531	95459	289.6290588378906	271953	289.7084655761719	118356	290.1258239746094	88619	291.5270080566406	86577	291.9314880371094	118292	292.6567993164062	267181	293.6698913574219	293846	294.2464904785156	198989	294.5708618164062	
184010	98.17840576171875	141935	152.5712890625	130567	154.2173767089844	169076	180.87841796875	327288	183.6436767578125	319970	183.839599609375	213111	183.959228515625	188997	185.7767486572266	102759	186.362548828125	119227	189.9210357666016	304349	190.7904663085938	27082	190.8533477783203	18764	191.3739776611328	303423	192.0937347412109	250411	193.1838531494141	156325	193.3158111572266	16395	193.3701171875	152823	193.6181793212891	220820	194.9179382324219	37065	195.2511138916016	
207073	97.89790344238281	122491	109.4942932128906	64263	140.3068084716797	248086	145.2859191894531	109043	169.9205627441406	240539	171.9244079589844	185474	174.3903656005859	180736	175.6075134277344	144572	178.2217712402344	300903	182.5979156494141	269190	183.1802368164062	191690	184.4695129394531	78806	185.0837707519531	60135	185.3375244140625	36440	185.5586090087891	109583	187.6459503173828	263534	191.4445037841797	178156	191.8150177001953	170983	191.9921875	296526	196.4713745117188	
82988	229.8977966308594	298308	238.5602722167969	168777	240.2977294921875	82142	251.0776824951172	32574	259.0347595214844	302050	261.4555358886719	97037	264.1419982910156	304510	268.594482421875	183819	270.7711181640625	212288	272.2810974121094	128018	278.0485534667969	132965	278.7346496582031	321408	279.6640930175781	21540	279.9642944335938	313659	281.325439453125	6020	282.4446716308594	10445	284.3132019042969	245046	284.5768737792969	82246	285.7586364746094	290627	287.6021423339844	
70074	60.95079803466797	208667	73.1983642578125	65576	76.55716705322266	310549	78.70832061767578	287750	79.64295196533203	286997	84.41564178466797	247359	86.45230102539062	17400	95.72355651855469	85576	95.8018798828125	253817	96.42613983154297	259772	99	35867	99.08582305908203	320127	99.19677734375	200627	100.7323150634766	165057	101.9950942993164	94595	102.1958923339844	35985	103.9326705932617	279201	103.9422912597656	282222	104.4844512939453	15144	105.3707733154297	
12266	119.3817443847656	37244	119.8499069213867	59435	120.6316680908203	288909	123.9919357299805	106381	124.7998428344727	256647	125.2756958007812	165602	125.3235778808594	324745	125.4192962646484	97797	127.6518707275391	203566	127.7066955566406	63412	129.1975250244141	100112	130.0576782226562	228925	130.3303527832031	151290	131.4648284912109	197367	135.136962890625	236437	136.9853973388672	269952	137.3681182861328	166118	137.9818878173828	180479	138.13037109375	68849	139.3556671142578	
193707	90.989013671875	32810	212.3464202880859	42863	222.5645904541016	11899	227.1277160644531	16217	231.8059539794922	137338	232.7896118164062	59098	232.8390045166016	79744	233.1759033203125	255593	233.4266510009766	237509	233.4373626708984	186628	233.5166015625	116732	233.9935913085938	110840	234.2434692382812	146563	234.7786254882812	234550	234.8616638183594	146095	235.1106109619141	266318	236.5861358642578	71546	236.7255859375	306992	237.0653991699219	217355	237.9978942871094	
234220	151.3571929931641	4308	159.6183013916016	61462	177.4964752197266	329987	218.325439453125	17682	234.2882843017578	307945	235.8007659912109	47284	241.8036346435547	104038	242.2746429443359	213934	250.6710968017578	73846	250.9980010986328	331411	255.2547760009766	38472	255.9140472412109	327784	258.9401550292969	159028	260.0634460449219	41915	265.6972045898438	129605	267.3836059570312	317805	268.4492492675781	306743	268.4697265625	240009	268.6372985839844	205779	268.9851379394531	
161844	138.2787017822266	47864	152.7677917480469	101549	160.3309020996094	191737	190.3575592041016	271042	213.2017822265625	158541	218.4399261474609	202889	220.6671752929688	99439	227.4862670898438	306093	227.6159057617188	112985	227.7125396728516	199744	228.3090057373047	82151	233.9080963134766	331937	233.9337463378906	174444	235.0127716064453	75425	235.7837982177734	182189	240.03125	251179	241.3710784912109	273892	243.2920074462891	114902	244.2560119628906	127997	245.4322662353516	
280208	84.97647094726562	21180	100.776985168457	229547	121.1651763916016	118211	133.4316253662109	145436	134.0186614990234	95598	137.8876342773438	56087	141.1842803955078	26731	142.9580383300781	101787	144.1665649414062	85777	149.3217926025391	210792	149.6829986572266	80449	150.3429412841797	120382	155.0870666503906	130802	156.1665802001953	159301	156.4992065429688	57908	157.2227783203125	153568	159.5995025634766	29021	161.1272735595703	2171	163.8139190673828	121288	166.71533203125	
145932	136.1690063476562	109703	145.3616180419922	267270	152.8659515380859	222000	163.6184539794922	35372	164.3045959472656	133907	180.5325469970703	277724	207.6800384521484	254238	212.0188598632812	15586	220.208984375	246944	227.9122619628906	207079	227.9736785888672	55569	228.7575073242188	305773	230.3931427001953	67140	233.5872497558594	280615	239.5307922363281	156205	248.3505554199219	270033	249.3150634765625	215338	249.8119354248047	235955	250.1359558105469	136270	251.771728515625	
20837	123.5880279541016	205074	135.2553100585938	193989	137.7715454101562	61358	163.5084075927734	86592	180.1166229248047	115348	180.1416168212891	39106	186.3759613037109	163103	193.8246612548828	71275	198.0353546142578	234397	198.8869018554688	201904	199.9974975585938	171079	205.2778625488281	324461	210.01904296875	283492	210.86962890625	132874	212.1320343017578	270575	221.9909973144531	32857	222.27685546875	49439	222.591552734375	193642	223.0762176513672	115968	224.0401763916016	
283447	224.1138153076172	246106	253.1975555419922	40612	267.505126953125	312549	271.0940856933594	48419	273.7736206054688	60349	275.0236206054688	268505	278.2732543945312	240049	281.8066711425781	48163	284.8701477050781	182221	285.2279663085938	303450	286	41613	293.1211242675781	298200	293.8247680664062	135540	294.4367370605469	325944	294.6302795410156	211818	297.281005859375	1817	298.9799194335938	88140	301.9155578613281	31481	302.0844116210938	314185	306.1796875	
260426	89.09545135498047	15154	93.34880828857422	248355	104.2017288208008	194667	108.2266159057617	100430	116.7475891113281	258477	133.5440063476562	145048	163.7039947509766	195109	181.3863220214844	123223	185.4508056640625	61907	186.4725189208984	283666	196.6290893554688	49057	199.2034149169922	314906	203.3420715332031	138129	211.7262420654297	320933	222.1013336181641	178051	224.2587738037109	318714	231.4864959716797	195369	232.1098937988281	56747	233.7947845458984	78105	237.7078094482422	
89731	166.8652191162109	90139	201.5068206787109	154471	202.4598693847656	312028	217.158935546875	63073	218.2338256835938	197304	219.1894226074219	202429	221.4068603515625	302670	222.3870544433594	172813	222.7689361572266	176	222.9708557128906	182233	223.1098327636719	147920	223.1255187988281	119512	223.4725952148438	213406	226.1393432617188	158885	226.689208984375	316188	228.0504302978516	266072	230.6772613525391	237182	231.4368133544922	1648	232.3596343994141	311397	232.5403137207031	
131660	136.1506500244141	304949	187.1603546142578	47764	192.0989379882812	319855	197.2663116455078	93129	206.3080291748047	175720	208.4466400146484	99303	210.9502258300781	320759	212.5229339599609	25659	212.7674713134766	297489	213.5696563720703	89475	213.8176727294922	121586	213.8340454101562	116253	214.8720550537109	149507	215.3764190673828	292614	216.2198028564453	217004	216.884765625	36516	217.7682189941406	267126	218.3094177246094	241097	218.8195648193359	223424	218.8241271972656	
276219	75.88148498535156	268116	82.56512451171875	143976	90.24411010742188	178696	96.99484252929688	168604	98.28021240234375	306282	120.8676986694336	56506	122.5357055664062	282817	146.4138031005859	2975	159.3392639160156	178435	159.3455352783203	117961	160.77001953125	118633	166.7273254394531	259685	168.2676391601562	51809	170.4728698730469	173002	171.0876922607422	64699	171.2366790771484	287109	172.3803863525391	245513	173.156005859375	206781	173.9080200195312	295273	174.4190368652344	
199237	126.0357055664062	92056	157.5912475585938	63408	240.1999206542969	258377	256.8968811035156	200232	268.6130981445312	330285	275.3179931640625	244995	276.6983947753906	309732	280.8380432128906	206146	284.2815551757812	327264	295.2592163085938	26566	295.43359375	75209	298.7256164550781	116168	300.3364868164062	213698	300.6908569335938	174651	301.3867797851562	112450	302.150634765625	35051	302.7936706542969	42101	303.0907592773438	111803	303.1616821289062	252548	303.1682739257812	
51683	114.5032730102539	165443	145.9486236572266	70584	151.9638061523438	82211	167.2513122558594	35547	173.0751342773438	166101	177.8229522705078	74420	180.9115753173828	92740	188.6107177734375	317168	189.4808654785156	111963	191.9088287353516	274152	194.3527679443359	240637	196.2090759277344	41969	198.2977600097656	309633	203.9043884277344	195488	203.9068450927734	278973	204.0097961425781	64740	204.1396636962891	40212	204.6704711914062	278467	204.9219360351562	252757	204.9707336425781	
33509	161.7930755615234	149513	175.7099914550781	161688	193.2666625976562	237759	194.3373413085938	309581	200.1674346923828	179525	210.0880737304688	206305	226.0309753417969	18171	229.8630065917969	171553	234.9829711914062	10745	238.3652648925781	129823	246.0284576416016	127906	250.6990203857422	231237	255.2508544921875	173327	258.8320007324219	185245	268.5144348144531	1650	269.1820983886719	332375	269.55517578125	248982	271.1125183105469	82273	272.0937194824219	206851	272.2388610839844	
97090	100.608154296875	294773	114.2934799194336	203446	115.4599533081055	272274	126.1308822631836	245414	140.132080078125	12067	147.1427917480469	28781	150.3196563720703	100846	153.9058227539062	117886	157.4452209472656	146185	158.5843658447266	73827	159.2607879638672	257771	159.4302368164062	38110	159.7842254638672	62896	160.7295837402344	7632	161.3567504882812	202606	165.9216613769531	12258	166.9341125488281	34889	166.9820404052734	50616	169.5287628173828	142554	170.6927032470703	
306258	167.8094177246094	9409	226.3205718994141	323786	236.2181243896484	215610	242.5427856445312	251637	259.4147338867188	91264	263.8598022460938	10027	264.054931640625	201588	266.191650390625	45145	269.3120727539062	270385	275.1326904296875	201540	283.3831176757812	215671	286.1520690917969	182330	289.2213745117188	307064	291.3743286132812	320684	293.6375427246094	144494	294.6472473144531	244923	299.8999938964844	149340	300.5877685546875	265333	301.1212463378906	275729	302.8432006835938	
142872	238.7111206054688	7789	243.5754547119141	255074	244.7406768798828	107896	254.7606658935547	259326	274.1404724121094	202002	277.286865234375	164133	279.7659606933594	167482	281.3591918945312	221698	284.3729858398438	243266	286.0576782226562	176151	288.0017395019531	204943	288.1770324707031	313026	288.86328125	262640	292.2738342285156	80850	292.34912109375	62925	295.0254211425781	227478	298.739013671875	256600	299.8899841308594	269746	304.8196105957031	37439	305.0311584472656	
68624	152.9738464355469	76117	186.8261260986328	257438	196.2371063232422	115054	218.1123504638672	142987	218.6847076416016	244059	219.3467559814453	87452	220.2589416503906	207762	220.6082458496094	326129	222.6993560791016	296133	227.2927551269531	195124	233.469482421875	215460	238.5351104736328	44327	238.8702545166016	110151	241.4290771484375	143263	242.9320831298828	82662	244.1536407470703	296212	245.6664428710938	25764	246.3676147460938	57264	248.3082733154297	84770	249.5556030273438	
95310	155.2417449951172	159094	156.8056182861328	75780	164.5417938232422	232114	171.9912719726562	96235	173.9540100097656	112153	179.5132293701172	78447	193.0621643066406	161755	194.7100372314453	288205	201.8910522460938	170562	210.1332855224609	155192	214.1424713134766	52861	217.9265899658203	135789	218.7738494873047	281937	219.3011627197266	135949	219.3968963623047	187170	222.5174102783203	195356	223.2845764160156	32055	225.3353118896484	48889	230.5840454101562	312089	236.7952728271484	
36060	172.2730407714844	260129	220.7645874023438	258014	227.1629333496094	43363	232.4693603515625	290771	235.8092498779297	187462	237.0105438232422	323635	238.3463897705078	215940	240.6158752441406	169670	242.3427276611328	263589	246.408203125	21438	250.3157958984375	83457	250.9262847900391	261079	251.7558288574219	258404	252.3648223876953	103948	252.7765808105469	94910	253.6059875488281	296450	255.5953826904297	90870	257.621826171875	76270	257.9127807617188	136034	258.8339233398438	
195069	163.2452087402344	2470	171.7847442626953	237101	191.0130920410156	237235	193.3261566162109	322125	199.3840484619141	272462	205.3436126708984	63986	206.9975891113281	271188	210.1880035400391	67210	210.2902679443359	111441	210.7842559814453	21102	212.1320343017578	31126	213.5392303466797	146703	214.8301696777344	509	215.9398040771484	267014	217.6005554199219	311891	217.9105377197266	162435	218.5749359130859	54234	219.6406097412109	152084	220.4608764648438	195363	220.4790191650391	
157511	96.93812561035156	130646	140.9219665527344	128815	162.3299102783203	111204	167.2154235839844	13129	171.4876098632812	123413	172.1859436035156	36866	177.5133819580078	82459	179.6162567138672	170723	181.6727752685547	55267	188.4064788818359	129631	193.811767578125	73447	197.2460327148438	199779	199.9700012207031	298387	203.7645721435547	50612	204.8096618652344	34654	205.1462860107422	269358	206.0364074707031	211711	208.2162322998047	202215	209.035888671875	175239	210.3211822509766	
135784	131.33544921875	176862	144.9620666503906	48845	169.1951599121094	169572	173.6836242675781	311034	198.5522613525391	114426	205.9198913574219	146523	208.5113830566406	302042	212.372314453125	172400	215.0767364501953	319449	229.3447113037109	108945	231.8124237060547	198577	236.3112335205078	298131	240.1936645507812	269171	241.5098266601562	43233	243.8134460449219	215376	247.0465545654297	288847	247.3782501220703	321214	248.4532165527344	287398	249.0923461914062	134053	250.2258911132812	
170733	83.63013458251953	274406	83.85701751708984	30056	92.93008422851562	296577	96.98969268798828	31842	105.6408996582031	112344	107.3545532226562	140240	115.563835144043	85034	115.8533554077148	117311	116.2497329711914	330003	118.042366027832	212360	121.5689086914062	148765	121.8933944702148	139571	123.71337890625	270992	124.2618179321289	202953	124.9079666137695	251947	126.5543365478516	183057	126.5622406005859	269394	129.7690277099609	228038	130.3725433349609	102073	133.7011566162109	
326511	261.8969116210938	140585	282.1648559570312	281757	282.4145812988281	151747	284.117919921875	73576	288.29150390625	242781	289.1746826171875	100092	290.4617004394531	113688	292.7063293457031	319497	294.8389282226562	206285	298.6034240722656	192227	299.941650390625	221100	302.7540283203125	99342	303.8914184570312	301136	304.2022399902344	213064	305.0147399902344	224227	306.7735290527344	143302	307.3743591308594	312328	307.639404296875	197337	308.220703125	249844	308.5644226074219	
47247	245.6318359375	223572	260.77001953125	18284	263.9696960449219	76954	264.7206115722656	180126	267.8283081054688	144691	271.9779357910156	179799	275.2962036132812	327698	277.4653015136719	84713	278.0629577636719	294567	279.1863098144531	302084	282.7596130371094	1420	283.0441589355469	21114	283.7428283691406	126810	284.1636962890625	25353	284.3149719238281	327703	284.8104553222656	77004	284.9315795898438	174424	285.7288818359375	115839	287.4700012207031	114171	288.126708984375	
231992	43.27817153930664	65561	76.93503570556641	3553	83.42661285400391	164639	87.22958374023438	41252	88.44772338867188	37238	89.3756103515625	212518	104.2640914916992	149453	105.2520751953125	278958	105.4324417114258	118226	106.6864547729492	199275	108.7841873168945	289574	110.7113342285156	20941	111.2115097045898	158974	112.9734497070312	43627	113.7277450561523	284920	116.3872833251953	314432	118.1101150512695	291778	119.3901138305664	59273	120.3951797485352	103459	120.6275253295898	
105869	146.5844421386719	79683	180.3080749511719	294956	245.2039947509766	203742	245.5015258789062	75848	257.3382873535156	15940	259.2894287109375	208863	261.0287475585938	163479	262.642333984375	98937	270.6418151855469	284296	281.2863159179688	304774	282.7879028320312	59169	287.7498779296875	94039	288.0242919921875	60978	288.1943664550781	213845	289.0276794433594	114530	289.3976440429688	62778	290.9054870605469	291229	290.95361328125	270164	291.1820678710938	164061	291.2507629394531	
254512	158.8363952636719	84838	160.7140350341797	84197	209.2821044921875	232477	209.82373046875	115640	219.970458984375	70766	222.2386169433594	63621	236.0063629150391	115531	236.4973602294922	226512	237.686767578125	331980	238.1659088134766	258058	241.0497894287109	332221	241.6629943847656	252486	244.3665313720703	295242	249.2829742431641	254639	257.00390625	144809	257.7440490722656	60805	261.7460632324219	165462	263.2869262695312	16971	264.9830322265625	313674	266.3587951660156	
175962	150.5157775878906	145187	171.7090606689453	269824	182.3732452392578	55793	188.4064788818359	294352	191.1072998046875	86068	200.4245452880859	153609	205.1999053955078	225175	207.1834869384766	231855	207.7979736328125	259309	209.5304260253906	160977	212.5299987792969	304021	224.8243713378906	70479	226.2962646484375	183124	226.6649475097656	52762	227.9056854248047	217893	230.5016326904297	134556	235.3592987060547	161007	239.2488250732422	112959	242.6891021728516	132774	246.7610168457031	
106541	104.6565780639648	40216	119.5491561889648	216634	120.2871551513672	85129	127.9531173706055	12677	158.8269500732422	272992	162.7728424072266	34878	164.2772064208984	146786	177.7245025634766	199011	179.7359161376953	212686	184.3258056640625	14704	185.9704284667969	194036	187.3099060058594	96350	187.7232055664062	209906	192.6707000732422	222204	196.9669952392578	180789	198.5950622558594	121155	199.2912445068359	234992	203.9460754394531	133938	205.6453247070312	320087	206.0873565673828	
277237	205.173095703125	137608	221.3639526367188	46423	234.4653472900391	226090	235.7859191894531	189225	241.7974395751953	85228	245.2570037841797	51544	252.4678192138672	215433	254.2872467041016	209913	254.5761108398438	261446	257.769287109375	254463	259.5130004882812	145740	264.5751342773438	314708	266.1277770996094	146061	268.3561096191406	318143	270.0592651367188	131070	271.390869140625	328115	273.5708312988281	160296	273.7352600097656	162980	276.0489196777344	307525	276.8609619140625	
7714	108.4343109130859	23152	118.6676025390625	136771	119.8040084838867	122759	125.0719757080078	276871	128.7128601074219	247396	135.9632263183594	68344	136.7589111328125	257780	144.7307891845703	83921	144.7964019775391	108606	154.0908813476562	10079	159.5368347167969	325406	164.0274353027344	54006	190.8821563720703	289895	193.5871887207031	76175	202.2893981933594	111076	204.7315368652344	137667	205.3363037109375	121311	211.2888946533203	9326	214.3501739501953	165199	214.4154815673828	
313585	230.5601806640625	166510	230.6946105957031	323540	232.8261108398438	174594	242.2416076660156	69456	246.8116760253906	159380	248.3787384033203	309901	256.4878234863281	276576	257.2391967773438	88970	258.2440795898438	294609	260.2594909667969	218712	261.1053466796875	331226	263.2299499511719	326676	264.5108642578125	233574	265.1376953125	113622	265.1659851074219	48422	265.3544921875	158380	267.8581848144531	263059	269.9573974609375	287363	270.3516235351562	317925	270.6935424804688	
185537	100.9702911376953	47039	124.1611862182617	65088	124.7758026123047	108148	129.7690277099609	258092	133.7236022949219	230611	135.28857421875	90319	135.6392211914062	16698	138.0760650634766	31276	139.6352386474609	263441	140.7693176269531	174508	140.8154754638672	317649	140.9432525634766	28472	143.0873870849609	169194	143.9096984863281	318914	145.1206359863281	246568	145.1309814453125	292636	148.9194488525391	331141	150.814453125	43542	151.3571929931641	140894	155.1289825439453	
42218	90.82951354980469	268018	160.5366058349609	25087	174.4362335205078	92219	179.9722137451172	133584	190.5492095947266	96810	195.0076904296875	275682	201.2013854980469	330468	201.6853942871094	35059	205.7838745117188	92422	213.9766387939453	213995	220.1681213378906	255812	228.4294128417969	247841	234.2477264404297	218338	235.9724578857422	323917	238.3841400146484	140246	238.4994812011719	4492	240.1270446777344	216701	242.72412109375	93225	242.9650115966797	161092	246.5502014160156	
168637	201.5341186523438	32379	261.2182922363281	229106	262.65185546875	22034	263.4881286621094	86099	264.624267578125	299996	272.9102478027344	210171	273.4410400390625	187467	274.7799072265625	43751	277.4761352539062	186007	278.1582336425781	243701	278.9981994628906	141864	279.4047241210938	137338	280.8540649414062	239184	281.2312316894531	139640	281.4675903320312	79343	281.925537109375	123874	282.8904418945312	187252	283.8767395019531	115100	284.1971130371094	278805	286.949462890625	
225341	218.4811248779297	8434	239.1296691894531	204799	241.5595092773438	210100	242.4479370117188	130014	249.6838073730469	165328	257.8294067382812	84227	258.2847290039062	57244	261.533935546875	49598	261.8148193359375	157053	262.5909423828125	173705	264.3595886230469	154637	264.6318054199219	89721	266.5745544433594	113735	267.7536315917969	196330	268.369140625	260966	269.2173767089844	156527	271.0571899414062	161064	271.8473815917969	11854	272.6683044433594	167333	273.1336669921875	
153759	64.20280456542969	17113	76.99350738525391	193454	89.63258361816406	273342	96.87621307373047	227351	100.2496871948242	37864	100.5634155273438	127308	101.843017578125	282026	103.4987945556641	248172	105.180793762207	150998	107.3359222412109	8925	109.7588272094727	292417	110.3403854370117	248680	111.901741027832	302976	112.7475051879883	296295	114.7388305664062	132216	115.160758972168	130667	115.3212890625	111033	115.9396362304688	332428	115.9568862915039	139755	116.6833343505859	
85170	101.5233993530273	68074	102.5767974853516	137463	127.361686706543	216994	141.3576965332031	245668	156.5119781494141	47652	156.7322540283203	16883	157.0986938476562	322691	168.4161529541016	294249	173.3522491455078	198736	173.4416351318359	226496	173.7987365722656	324348	173.8505096435547	173172	174.4075622558594	239295	174.4992828369141	22128	174.5107421875	39161	176.4142913818359	1878	177.6316375732422	282193	178.3227386474609	235445	186.0644989013672	309032	187.5366668701172	
48285	191.0758972167969	241020	192.2394409179688	66031	205.2096557617188	281663	206.6010589599609	287758	207.7618865966797	146804	208.77978515625	305837	219.8931579589844	254739	223.1748199462891	197820	224.7821197509766	142370	227.2157592773438	193214	232.3252105712891	41505	233.1544494628906	238899	237.4068298339844	56507	237.6531066894531	294054	240.0104217529297	312188	240.946044921875	311866	241.0456390380859	269797	241.1327362060547	176255	243.4686889648438	102962	246.0751953125	
24324	167.8957977294922	169971	177.7779541015625	8811	200.611572265625	15108	203.8921356201172	308236	205.4531555175781	168944	207.4728851318359	260729	210.5255279541016	118295	210.9075622558594	57764	210.9739379882812	197904	211.9056396484375	271374	213.9906616210938	60301	215.4553375244141	47273	215.9398040771484	49208	218.5154418945312	150294	219.2874755859375	140277	219.3057250976562	42590	219.7384796142578	221735	224.4348449707031	173904	225.3419647216797	109472	226.0398254394531	
332151	182.6389923095703	309757	247.33984375	24946	247.8063812255859	263197	248.6986083984375	44138	253.1244812011719	106666	255.385986328125	271212	256.1581420898438	77	258.4356689453125	39023	261.0498046875	240042	263.2185363769531	187369	264.95849609375	166340	268.7601013183594	109441	270.075927734375	72123	270.5328063964844	324543	271.1051330566406	153478	271.2729187011719	52566	271.8289794921875	279938	272.8937377929688	278132	273.7663269042969	123752	274	
263912	187.3819580078125	58859	211.9410247802734	232203	216.864013671875	56910	227.0572662353516	80556	230.0173950195312	184493	249.3230895996094	295547	259.6478271484375	313124	261.9885559082031	2184	280.7008972167969	133817	288.2048034667969	327908	291.35888671875	162913	295.9594421386719	297988	296.241455078125	288460	301.2125549316406	39575	301.4266052246094	186325	303.4402770996094	286410	303.90625	158768	307.1335144042969	3239	308.3893737792969	176704	312.0576782226562	
74004	106.1649627685547	266612	119.3398513793945	210169	121.4125213623047	92141	157.4992065429688	194957	173.7037658691406	2294	174.3387451171875	67812	180.3746032714844	286630	181.7883453369141	307905	200.0924835205078	163631	216.2683563232422	249509	216.4463043212891	60143	218.0573272705078	103979	222.1576080322266	67401	225.9822998046875	23018	227.6883850097656	158146	230.2867736816406	163906	230.6057281494141	270778	231.6916046142578	32902	235.3656768798828	151828	235.6777496337891	
262397	258.5188598632812	105132	318.2483215332031	25133	330.007568359375	247344	330.245361328125	226555	335.1745910644531	327831	349.82568359375	290648	353.7513122558594	94280	353.9039306640625	10199	359.474609375	244783	361.3294982910156	282948	361.7167358398438	315412	362.2250671386719	165908	362.6830444335938	142435	368.3042297363281	144668	368.325927734375	156165	368.7058410644531	242464	370.0270385742188	316763	370.378173828125	25025	370.595458984375	140594	370.6089477539062	
437	62.83311080932617	292773	64.42825317382812	71342	69.01448822021484	160527	71.12664794921875	34535	74.10128021240234	31951	82.92768096923828	40978	85.36392974853516	270949	90.3382568359375	250082	92.41211700439453	155641	98.43779754638672	208242	104.4413681030273	168852	107.4941864013672	171180	111.4001770019531	327007	116.6576156616211	228029	118.6760330200195	273741	121.2641754150391	309204	123.7214584350586	39249	124.5070266723633	222032	127.6166152954102	109083	128.249755859375	
63674	192.2654418945312	194370	228.6328887939453	331550	233.2209320068359	217550	251.4577484130859	212951	266.4544982910156	195448	280.5458984375	49374	283.4766235351562	52822	290.5150451660156	233332	292.991455078125	163839	297.0505065917969	133664	297.1363220214844	234252	302.9306945800781	79902	305.8594360351562	304460	306.2841796875	199796	307.4117736816406	92243	310.6815185546875	240218	311.1334228515625	47602	314.039794921875	75267	314.34375	118532	315.1507568359375	
122687	43.26661682128906	283762	131.1220855712891	137677	152.5975036621094	129106	160.8228912353516	273142	169.0414123535156	228270	171.5050964355469	195924	175.2968902587891	191151	176.6154022216797	203172	178.5973052978516	284399	182.8441925048828	42330	185.421142578125	298367	194.0154571533203	224006	195.07177734375	207810	200.6414642333984	63656	200.7934265136719	153483	203.9607849121094	52238	206.2668151855469	213027	207.1545257568359	88929	210.2617492675781	263203	212.9436492919922	
49277	189.6971282958984	230806	219.9022521972656	60971	242.5613250732422	196512	243.0411529541016	270081	269.8814697265625	246791	270.53466796875	37011	271.0350646972656	23478	275.167236328125	172558	276.5140075683594	23904	276.7200622558594	250456	279.85888671875	324622	279.9339294433594	234342	280.7276306152344	160046	283.624755859375	50882	283.6635437011719	234095	284.0686645507812	114221	286.8867492675781	220951	287.3429870605469	248254	287.4630432128906	11775	287.9826354980469	
52755	122.5479507446289	261694	125.4711151123047	133554	184.0461883544922	276511	213.1830139160156	97162	231.4260101318359	72951	239.0167388916016	321056	239.0690307617188	144173	251.3762054443359	42838	254.5270080566406	223890	262.3509216308594	270382	263.9469604492188	283395	265.8834228515625	206932	267.5985717773438	54344	268.9795532226562	314906	269.9407348632812	251912	272.3582153320312	66442	275.7462463378906	74566	277.1443786621094	77057	278.0251770019531	223323	279.4566040039062	
223	295.6535034179688	142552	308.2190856933594	70955	328.5650634765625	254201	333.5865783691406	331183	334.59228515625	300327	341.7396545410156	214746	343.4064636230469	160225	346.4722290039062	330343	348.0244140625	81320	349.8728332519531	17310	352.5024719238281	150327	354.6011962890625	227816	354.6773071289062	167415	354.7238464355469	113672	357.6366882324219	317173	360.4621887207031	84972	362.1988525390625	36203	362.7754211425781	54580	363.7787780761719	304209	365.4476623535156	
320267	121.8851928710938	1163	122.5438690185547	112737	131.7345886230469	298920	135.3550872802734	179479	135.6834564208984	58357	137.0328369140625	219345	138.4449310302734	171805	153.2481689453125	319361	161.0496826171875	252108	161.0558929443359	191317	161.1831207275391	64134	173.0086669921875	141830	178.5301055908203	93471	178.8994140625	250584	181.6782836914062	266258	183.1037902832031	224920	183.9239044189453	62728	186.2632598876953	49540	188.7749938964844	86767	188.8782653808594	
211640	201.8167419433594	98829	272.2976379394531	190326	274.0328369140625	293508	275.7335815429688	191360	276.7417602539062	114673	278.1995544433594	119170	278.7077331542969	115477	280.5334167480469	239517	281.4871215820312	226190	282.4677124023438	5505	283.0530090332031	60043	283.4131164550781	263415	283.6106567382812	90003	284.9842224121094	151470	286.1345825195312	51591	286.5728454589844	305056	286.7437744140625	311766	287.0627136230469	200097	287.4178161621094	283763	287.9583435058594	
326250	107.3266067504883	18748	109.981819152832	132141	113.9956130981445	137826	119.4864044189453	165735	140.6840362548828	259958	146.1334991455078	77235	164.006103515625	233192	168.315185546875	68312	170.8039855957031	111217	173.4041595458984	151647	173.4214477539062	103496	173.4618072509766	688	174.9942932128906	85798	176.8276062011719	311057	180.1860198974609	67995	180.7733459472656	183487	187.1576843261719	8394	187.3819580078125	305570	188.5603332519531	235637	189.1983032226562	
44121	178.3143310546875	258589	232.7638244628906	299820	234.8765563964844	219604	249.0843200683594	43174	255.98046875	107047	256.3688659667969	258801	257.905029296875	306044	264.8792114257812	114216	264.9263916015625	322004	268.7117309570312	45084	269.2731018066406	192051	272.0110168457031	52051	272.8790893554688	25182	280.3479919433594	123919	284.3712463378906	86331	284.971923828125	48472	286.8344421386719	89145	287.2559814453125	226484	287.5656433105469	27517	288.357421875	
270092	167.7408752441406	30187	194.3090362548828	241615	211.1681823730469	23531	242.1941375732422	12462	248.1773529052734	240725	251.5949096679688	59761	265.6200256347656	167816	269.0427551269531	112248	272.5912780761719	314511	278.1007080078125	101019	279.6444091796875	17481	280.8202209472656	229872	280.987548828125	157425	281.2152099609375	202038	282.7825927734375	180941	283.4889831542969	174263	283.7974548339844	132298	284.0616149902344	156171	286.2359313964844	93582	287.1358642578125	
148754	252.8022918701172	188291	259.4070129394531	68781	260.2671813964844	65206	261.0804443359375	325985	263.3457946777344	75326	265.1565551757812	72936	269.9925842285156	326371	270.9926147460938	31833	271.0036926269531	193633	271.6891479492188	164135	272.1727294921875	240531	273.8192749023438	104191	274.2298278808594	84221	274.5596618652344	260597	275.5594177246094	183072	275.6065979003906	50710	275.612060546875	106574	276.0706481933594	273828	276.8952941894531	126164	277.1804504394531	
121780	40.41039657592773	136506	93.79232025146484	280320	100.9504852294922	296719	108.2312316894531	277381	112.1383056640625	269569	112.8450241088867	97846	113.0442428588867	143841	113.1547622680664	72824	114.2234649658203	63296	115.6503372192383	138757	119.4110565185547	94858	123.5030364990234	249553	124.3141174316406	47843	128.1132354736328	59507	129.1510772705078	162819	130.9694671630859	40679	132.1892547607422	80605	133.1502838134766	16391	134.0335845947266	55411	134.2236938476562	
85378	118.7223663330078	313942	146.2053375244141	291922	163.5909576416016	81585	164.5509033203125	148882	179.0809936523438	44099	193.0077667236328	328210	226.6539154052734	289991	229.3403625488281	297468	230.6555938720703	279516	238.6210327148438	183466	242.5242309570312	195596	245.7010345458984	226797	248.2075805664062	170101	250.3197937011719	265096	250.3297882080078	66894	252.4896087646484	86351	253.1185455322266	276131	253.2192687988281	47135	253.4718933105469	273501	253.6335906982422	
88797	61.91122817993164	258218	87.20092010498047	36345	92.64987945556641	88083	94.14350891113281	119601	98.82307434082031	190724	101.8724670410156	61410	108.8025741577148	115368	113.5429458618164	71005	120.2705307006836	320566	121.4948577880859	263438	124.3704147338867	10550	124.6956329345703	226960	126.3051834106445	107451	128.79052734375	13443	129.8730163574219	217091	136.66748046875	168067	138.2967834472656	218756	144.1908416748047	33443	145.0448150634766	175888	149.5593566894531	
120214	152.5352478027344	215405	153.0294036865234	142011	154.2206268310547	314116	161.3040618896484	223016	170.1998748779297	324381	173.9511413574219	63740	178.0393218994141	4393	180.0888671875	330041	189.6971282958984	268634	191.0366516113281	255281	191.6350708007812	30778	192.0078125	248588	194.5764617919922	288021	194.7665252685547	271186	196.8222503662109	319209	197.4158020019531	309559	204.6997833251953	321897	206.1771087646484	310405	208.1730041503906	133228	213.5181427001953	
312189	79.2022705078125	300351	141.9929504394531	284530	177.7610778808594	207317	212.9225158691406	120826	233.1566009521484	239080	234.0405883789062	74520	235.6607666015625	178869	237.4973754882812	139250	237.8276672363281	328434	238.2960357666016	186707	239.0355682373047	310663	239.6518249511719	170106	246.1056671142578	17184	246.2072296142578	59350	246.6617126464844	94936	248.2901458740234	97074	248.9056091308594	218168	251.8571014404297	332113	252.3232116699219	14538	253.3416595458984	
178759	61.36774444580078	159947	65.84071350097656	21039	73.05477142333984	52871	95.55626678466797	87251	96.29641723632812	229002	102.2790298461914	248604	109.8134765625	13809	112.356575012207	315867	117.1494750976562	231242	118.7392120361328	226081	124.2296295166016	264370	124.3744354248047	287781	125.9841232299805	305279	131.3811187744141	88373	132.2459869384766	298598	133.3304138183594	15746	133.7535095214844	226397	136.2314147949219	290298	142.0422515869141	87730	142.1548461914062	
466	86.07554626464844	149761	163.6978912353516	197902	167.3110809326172	204620	171.2921447753906	104313	174.2727813720703	54080	175.2113037109375	253438	179.3822784423828	330753	179.4992980957031	215935	184.6564331054688	227135	186.7163696289062	292944	186.9251251220703	258073	187.15234375	163425	187.7418365478516	87595	187.86962890625	229734	197.3398132324219	293328	198.2296600341797	206977	200.1049652099609	32057	200.3022766113281	177029	202.6598205566406	93352	205.5699462890625	
276972	172.4702911376953	72127	239.0606689453125	304179	241.3358612060547	125220	250.5294342041016	69623	251.5452270507812	14297	255.1117401123047	54818	267.1759643554688	69341	273.0567626953125	70968	276.9656982421875	245248	277.0180358886719	4075	277.7120666503906	99021	278.9552001953125	115967	279.7284545898438	248836	279.9107055664062	138275	284.6840209960938	16086	286.78564453125	135175	288.2048034667969	203955	288.4389038085938	75547	291.1099548339844	160044	292.5730590820312	
313038	137.8078308105469	153322	151.5519714355469	130085	151.8123779296875	323710	172.119140625	255028	175.234130859375	283882	175.7981872558594	54925	177.8735504150391	52282	181.8048400878906	171116	185.0297241210938	57313	186.536865234375	168657	187.0588073730469	33190	188.6425170898438	207069	190.6593780517578	323046	190.9502563476562	332126	192.1431732177734	323618	192.9792785644531	190497	195.6118621826172	168389	197.4841766357422	281780	200	144781	200.0050048828125	
252111	108.967887878418	76102	135.7129364013672	48992	151.0628967285156	9244	177.6400909423828	58470	190.2288055419922	141425	193.0284881591797	126982	193.2692413330078	279559	193.3054504394531	67433	193.8349761962891	326495	195.8392181396484	24837	199.5294494628906	186409	199.6446838378906	86637	200.2498474121094	69033	200.5492401123047	248649	200.9726409912109	58281	201.3032531738281	320136	201.5986175537109	1866	202.0445556640625	285678	202.5907135009766	101109	202.6005859375	
81702	143.3003845214844	21846	160.2685241699219	321635	163.5267486572266	244104	170.1528778076172	38866	187.1443328857422	231805	204.9707336425781	8525	209.5065612792969	210425	214.6089477539062	174505	216.4439849853516	212582	217.9587097167969	51888	220.4518127441406	324309	227.5214233398438	35529	228.109619140625	223247	231.9978485107422	169746	232.3596343994141	177299	238.2498626708984	8504	241.1306762695312	111501	244.8182983398438	176369	246.4325408935547	58585	247.8830413818359	
249222	140.9787292480469	53418	165.3118286132812	277932	226.8766174316406	192819	229.2618560791016	32662	236.0635528564453	280802	239.8291015625	60449	259.6170349121094	195903	271.9926452636719	179837	275.637451171875	49628	278.87451171875	106023	283.8520812988281	168926	283.8538208007812	258624	286.1677856445312	45161	286.27783203125	188122	287.6699523925781	254426	289.6912231445312	68456	289.9396362304688	163451	290.4685974121094	201007	293.00341796875	97089	293.9081420898438	
45286	71.40727996826172	111709	75.33259582519531	62829	81.55979156494141	37437	88.91006469726562	64413	89.38120269775391	139993	91.66242218017578	250210	92.74697113037109	283180	95.34673309326172	261087	95.55626678466797	275195	98.16313171386719	175181	99.25220489501953	34235	100	89025	100.329460144043	219094	100.3444061279297	155112	101.2521591186523	276466	102.1812133789062	263317	102.2888031005859	195706	104.1201248168945	22051	104.5801162719727	132995	104.976188659668	
193594	67.05967712402344	147433	93.04837799072266	111281	98.91915893554688	129318	133.7385559082031	189989	134.8220977783203	97747	140.4350433349609	123351	156.3777465820312	3806	157.7054290771484	311334	159.7810974121094	223968	160.9192352294922	21631	164.8544769287109	136657	166.4992523193359	265474	167.3917541503906	133138	167.6633605957031	229418	168.6268005371094	314649	168.7453765869141	322012	172.1627197265625	147064	174.0344848632812	196603	174.0948028564453	22983	175.4365997314453	
55971	116.5118026733398	191084	175.9488525390625	290360	186.1800231933594	221529	202.9482727050781	39286	206.2668151855469	184584	213.9135284423828	176503	221.8265075683594	79394	223.6559906005859	275806	234.7253723144531	214864	237.4152526855469	284888	240.2332153320312	105521	241.8449859619141	203855	242.1631622314453	308981	242.5077362060547	304802	242.8497467041016	322812	242.9300384521484	99303	242.9691314697266	55531	246.8764801025391	215898	247.4388885498047	37624	248.0141143798828	
65873	108.9587097167969	15170	111.9955368041992	269845	112.0312423706055	176275	142.4956207275391	276922	155.9166412353516	285696	160.9005889892578	246940	162.2867889404297	224042	162.8680419921875	44336	163.7742309570312	30034	164.5083618164062	197226	167.6931762695312	24285	168.0029754638672	303846	169.0236663818359	57026	169.4697570800781	129082	169.7085723876953	96497	170.1734466552734	196463	171.7265319824219	255918	172.7715301513672	134328	173.3205108642578	238787	173.4012756347656	
326485	286.0681762695312	238395	317.1261596679688	307328	318.2813110351562	171296	318.5482788085938	98802	318.640869140625	258831	319.0203857421875	51722	321.6193542480469	250459	322.0527954101562	128707	325.8082275390625	206632	325.8619384765625	290256	327.3637084960938	72503	327.5606689453125	312660	328.464599609375	100232	328.7947692871094	45662	330.199951171875	255303	331.6865844726562	49182	331.8342895507812	95135	332.6935424804688	274414	332.8017578125	116118	333.0180053710938	
167895	253.3140411376953	12117	291.2970886230469	151008	303.9802551269531	40897	308.9498291015625	294876	309.8193054199219	262037	310.47705078125	30083	310.7941589355469	49948	310.8166809082031	253708	311.4979858398438	167	312.2979431152344	103938	312.8865661621094	219441	313.1038208007812	95957	313.3081665039062	25839	313.4756774902344	35576	315.2586364746094	298346	315.3172912597656	332415	315.8607177734375	327731	317.2664489746094	195472	317.4271545410156	151808	317.974853515625	
302259	148.6035003662109	277165	198.5018920898438	117782	201.1143951416016	18444	205.4385528564453	288147	206.2062072753906	299838	212.212158203125	293283	215.5991668701172	267174	227.8310852050781	120930	227.9736785888672	189691	229.0218353271484	137740	229.7346343994141	324350	229.7890319824219	303330	229.7999114990234	299312	229.9326019287109	31755	231.0086517333984	162004	231.7067108154297	76153	231.7196655273438	254419	232.09912109375	127957	232.4112701416016	212567	232.5338745117188	
161566	75.25290679931641	149660	120.9214630126953	88155	135.6171112060547	58564	167.0718383789062	214899	167.7080841064453	257619	171.4905242919922	125517	172.589111328125	189784	174.8342132568359	151570	176.6154022216797	332205	186.7618865966797	77490	192.7770690917969	91167	193.4502563476562	157904	195.9617309570312	144080	196.8984527587891	29	197.9318084716797	330730	198.0454559326172	256021	207.111083984375	156394	207.9591369628906	111177	210.22607421875	283895	211.3740692138672	
183098	85.98837280273438	186046	101.4889144897461	210597	111.1440505981445	292181	111.7989273071289	247807	112.2408142089844	214175	116.9743576049805	86127	117.5244674682617	153919	118.4483032226562	309224	120.2705307006836	299120	124.2899856567383	162555	125.7577056884766	235410	128.3199157714844	126913	128.3394012451172	288345	129.3870239257812	60167	130.1729583740234	181059	130.3150024414062	238301	131.5446624755859	98060	131.8673553466797	236640	132.1816864013672	77699	132.3102416992188	
186113	242.0165252685547	300414	256.5521240234375	175147	263.5298767089844	219854	291.5133056640625	26729	296.4219970703125	236609	298.8109741210938	242049	299.3609924316406	158407	299.6681518554688	150957	300.4513244628906	86800	302.9290466308594	269012	302.9867858886719	100319	304.7572937011719	282148	305.3391418457031	108728	308.7507019042969	166246	311.0980529785156	250427	311.4096984863281	319172	313.9140014648438	111497	314.1146240234375	203180	314.3326416015625	308126	314.6648864746094	
179262	64.74565887451172	203561	90.75241088867188	303162	91.69514465332031	222125	98.40731811523438	178483	115.8576736450195	101141	126.6017379760742	39963	130.3188323974609	175550	169.4638671875	49898	170.9502868652344	252718	173.0491333007812	163526	179.7971038818359	116115	183.7987976074219	209851	187.4539947509766	317770	188.8544464111328	71317	194.1932067871094	143114	202.8940582275391	213594	205.173095703125	215258	205.3119506835938	329990	205.9878692626953	239114	206.2643890380859	
96008	47.57099914550781	4505	48.57983016967773	114712	57.74079895019531	234164	59.35486602783203	242095	63.34824371337891	269751	71.93051910400391	138121	73.97296905517578	70603	79.82480621337891	99956	81.45551300048828	39298	93.57884216308594	82868	95.66608428955078	23150	98.16313171386719	24874	98.59513092041016	52530	99.33780670166016	138977	102.1420593261719	43424	103.1600723266602	121172	104.8761138916016	217181	107.9351654052734	40427	108.2820358276367	96582	111.7004928588867	
160996	63.16644668579102	306579	69.24594116210938	330173	69.72087097167969	153697	72.34638977050781	65365	93.19871520996094	5012	101.1879425048828	291823	108.3282012939453	73969	108.5403137207031	262316	108.6001815795898	18445	108.6600189208984	233440	110.326789855957	174768	111.7989273071289	238802	112.0446319580078	229464	113.3534317016602	284648	119.2644119262695	67490	120.6150894165039	183998	121.5154342651367	142756	121.7908020019531	250978	122.6417541503906	313319	122.8698501586914	
184287	187.0641632080078	183360	203.941162109375	85902	217.1381988525391	32515	217.6419067382812	75461	228	115628	228.1381225585938	131967	228.5344543457031	36997	235.5737609863281	122547	238.0777130126953	116468	238.4072113037109	266159	239.5871429443359	141347	242.1920776367188	266538	242.5530853271484	193275	243.1316528320312	80114	244.2457733154297	250864	244.3501586914062	36986	246.8177490234375	54835	247.4590911865234	222464	247.5924072265625	139716	248.23779296875	
143169	101.3212738037109	92162	105.3517913818359	301422	112.2229919433594	197260	127.9765625	17513	128.8099365234375	181655	137.9311370849609	225212	139.8856658935547	94382	140.7799682617188	239211	143.0908813476562	114933	145.7566528320312	17903	149.3954467773438	255502	149.8365783691406	183546	152.4860687255859	43645	155.9679412841797	101205	160.3901519775391	223950	169.4933624267578	205541	183.8260040283203	106822	187.1924133300781	17532	187.6059722900391	68378	190.7354125976562	
63317	114.9173583984375	244801	142.5447235107422	278196	150.7282257080078	126236	190.6410217285156	134904	194.3141784667969	279203	211.5703125	172437	213.5017547607422	204340	214.0210266113281	135104	222.0900726318359	277930	222.8048400878906	127069	226.3559112548828	205253	230.2780914306641	25827	230.8116149902344	219454	231.5750427246094	237661	232.7509460449219	220235	233.5744018554688	154247	234.6806335449219	34465	235.2488098144531	108158	236.2498626708984	70789	237.45947265625	
50301	149.9466552734375	171713	175.5904388427734	187963	186.2632598876953	139260	197.7624816894531	291604	203.1698760986328	30608	223.161376953125	157541	225.9159088134766	31713	230.419189453125	245060	241.0705261230469	105484	242.9341430664062	223810	246.4244232177734	29403	249.8039245605469	221925	250.3297882080078	320287	252.49951171875	101090	256.056640625	24612	257.4878540039062	35994	258.9324340820312	155252	259.0444030761719	26976	259.219970703125	153204	264.5940246582031	
286397	214.2568511962891	148420	215.2533416748047	245739	217.1358947753906	239810	219.0776062011719	277655	221.8896179199219	122264	223.3987426757812	280122	224.5729217529297	248097	226.3382415771484	186307	230.4300384521484	53856	232.5059204101562	10229	233.2123565673828	227986	233.5829620361328	15337	233.7669830322266	156740	234.5485076904297	184052	234.9638214111328	247874	236.0593109130859	171215	236.6114959716797	27734	236.8987121582031	146134	237.3014984130859	306215	237.3836517333984	
38091	85.96511077880859	310957	89.8387451171875	287566	93.00537872314453	134641	94.97367858886719	123681	101.8037338256836	143873	103.5857162475586	32283	109.3617858886719	54991	113.1105651855469	257200	114.2278442382812	267155	114.7388305664062	296542	117.371208190918	181712	124.7357177734375	168794	129.0968627929688	86644	130.1921691894531	110684	132.5103759765625	294735	134.2870025634766	274935	135.2627105712891	96294	135.4141845703125	64604	135.8491821289062	168685	135.885986328125	
277701	262.4919128417969	12169	265.2037048339844	147421	267.2377319335938	20388	267.8674926757812	324649	280.725830078125	6543	283.1536560058594	16097	284.8016967773438	269141	285.0894470214844	262731	285.5976257324219	109974	286.3337097167969	323322	288.979248046875	301607	289.1107177734375	126440	289.271484375	18120	289.3630981445312	8902	289.541015625	200706	290.7421569824219	16050	291.3691711425781	242718	291.7533264160156	224000	293.2626953125	83719	293.4194946289062	
55335	191.0942230224609	173592	214.0070037841797	14683	256.7294311523438	3847	272.8955993652344	129102	277.7678833007812	308456	281.6806640625	198993	283.2578430175781	330742	283.4360656738281	301108	286.6147155761719	235039	287.2925415039062	79492	291.2696228027344	106667	291.3056945800781	328136	293.4229125976562	195977	295.9189147949219	312412	298.2381591796875	279964	302.4566040039062	259756	303.540771484375	136484	304.7802429199219	216028	307.1253967285156	236513	307.8798522949219	
4168	59.58187484741211	136777	69.28924560546875	165383	72.08328247070312	192159	89.45948791503906	17508	90.3382568359375	186128	94.44046020507812	61467	98.41748046875	311225	106.4471664428711	104059	120.5114135742188	243865	120.7228240966797	311067	121.2971572875977	79864	123.0934600830078	150409	124.1853485107422	194565	125.1439208984375	291952	126.1388092041016	246225	126.2576751708984	152405	127.5225448608398	163424	128.2770385742188	332365	129.4024658203125	156426	129.4758605957031	
55833	169.1596832275391	168641	183.8341674804688	14231	192.9222717285156	109419	245.7844543457031	144233	255.4642791748047	250617	260.9635925292969	13964	268.0130615234375	92176	268.8735656738281	107090	269.6163940429688	121046	269.6479187011719	279527	270.3497619628906	174635	270.8523559570312	159801	272.3471984863281	150240	272.5839233398438	57876	272.80029296875	88482	273.5324401855469	120592	273.9525451660156	211851	275.5322265625	286064	275.93115234375	73064	275.9692077636719	
282259	126.8187713623047	65121	176.2015838623047	308944	194.2858734130859	192457	198.9070129394531	95360	203.2092590332031	90505	206.7655639648438	140785	207.6415252685547	57355	212.3793792724609	331887	214.3105163574219	151059	219.9249877929688	291925	221.8355255126953	172144	223.2823333740234	236559	229.0676727294922	211158	230.6859283447266	43613	232.7595367431641	206398	233.5230255126953	14541	234.1452484130859	54516	235.2360534667969	199757	235.2615509033203	204758	235.3168029785156	
302220	207.4198608398438	305698	222.8497314453125	72098	224.6686401367188	109602	226.3338317871094	253754	229.5473785400391	132593	231.2250061035156	71503	231.9719848632812	208225	234.3394927978516	161357	234.8297271728516	100559	235.3061828613281	210081	235.6650238037109	255672	236.0889587402344	9318	236.6199493408203	181967	236.7319183349609	299899	237.8655090332031	301589	238.2918395996094	86932	239.1004028320312	65976	239.1484832763672	129583	240.871337890625	264539	241.5636596679688	
188948	261.6639099121094	195428	269.9740600585938	41267	277.4887390136719	134156	283.0618286132812	187485	292.7968444824219	314451	294.1071166992188	325789	294.5912475585938	200722	294.7660217285156	217038	297.5348815917969	55501	298.1895446777344	156066	298.5046081542969	305575	299.7782592773438	177564	300.7291259765625	235462	301.0946655273438	98191	302.8002624511719	50621	303.4452209472656	180196	307.2686157226562	216149	307.7109069824219	54492	307.9447937011719	303578	309.3525390625	
97232	146.1574554443359	69241	155.6438293457031	60500	210.216552734375	230596	210.3687286376953	182799	214.7766265869141	19609	219.5723114013672	86960	237.1961212158203	214078	238.7111206054688	244496	241.0891876220703	264957	246.4548645019531	54437	252.0416564941406	6935	253.2607421875	35046	257.0389099121094	191777	261.4727478027344	125170	263.0741271972656	162537	266.5839538574219	147969	266.752685546875	1781	266.8857421875	277468	269.0538940429688	329506	270.4163513183594	
9883	121.3136444091797	115032	127.984375	267200	188.5391235351562	59562	191.6298522949219	149578	194.0128936767578	13567	196.5527954101562	62971	200.0099945068359	239728	200.3222351074219	234316	201.9628753662109	192479	209.0908966064453	312780	212.5652770996094	89690	213.7662200927734	72802	215.4692535400391	128126	215.7452239990234	37948	215.7869262695312	50047	216.4994201660156	169242	217.6005554199219	313232	218.6458282470703	114379	219.8636016845703	141583	220.5357055664062	
283098	198.8818817138672	201011	209.7403106689453	297252	216.3400115966797	16307	221.6054992675781	281795	223.2017059326172	119999	224.0647277832031	251575	225.8827056884766	327111	226.514892578125	310314	229.0764007568359	172262	229.1855163574219	146234	229.3621520996094	152619	231.0454559326172	72524	231.1255035400391	325617	231.3914489746094	150580	231.4713745117188	258996	231.7326049804688	161224	231.9310302734375	75049	232.9141540527344	332423	234.6465454101562	23071	235.0255279541016	
228257	103.6243209838867	211400	145.7875213623047	14832	161.4373016357422	20587	208.1922149658203	13184	211.8324737548828	243174	214.8953247070312	232736	216.8617095947266	14895	223.8258209228516	150931	227.8047485351562	231353	231.4238586425781	323327	232.5037689208984	32417	234.1965026855469	116529	236.4783325195312	69091	237.6720428466797	59026	240.9937744140625	159166	241.3959350585938	102650	241.9111480712891	114748	241.9896697998047	289689	241.9979400634766	91667	243.5159149169922	
33317	144.5579528808594	75408	160.8228912353516	151251	161.0621032714844	170914	161.5023193359375	32282	162.0987396240234	27732	167.9761962890625	94692	168.8164672851562	6998	169.5523529052734	117071	173.7267913818359	183016	177.302001953125	327056	177.8173217773438	169537	178.0196685791016	11779	179.06982421875	209566	180.2331848144531	83816	180.2720184326172	64945	180.5076141357422	9032	180.9364471435547	314382	182.02197265625	204527	183.8069610595703	294532	185.5774841308594	
145046	201.4646301269531	41775	202.1756591796875	38473	204.7144317626953	74399	206.5865478515625	48656	209.1960754394531	100609	213.4057159423828	292633	216.3608093261719	149529	216.5779266357422	57292	216.7948303222656	92531	218.391845703125	157176	218.7304229736328	167360	219.5814208984375	127804	222.4567413330078	60524	222.8587036132812	204379	223.1725769042969	311071	223.5464172363281	94154	224.1874237060547	102128	225.7232818603516	19789	225.8406524658203	283959	225.89599609375	
54178	87.90904235839844	110490	93.42376708984375	167632	133.4915771484375	112276	148.75146484375	76373	151.2481384277344	41345	155.6920013427734	150464	157.0986938476562	176779	162.2898712158203	11395	170.1881256103516	297062	183.5483551025391	197188	209.6234741210938	201273	214.3058624267578	159787	243.6719055175781	124763	244.1843566894531	169947	247.8890838623047	331416	268.5758666992188	314839	269.9499816894531	55348	277.1209106445312	20799	284.5469970703125	255029	285.2279663085938	
298835	117.9237060546875	63481	122.4663238525391	240799	123.1340713500977	273025	123.8547515869141	1574	128.0780944824219	107433	128.4912414550781	221268	129.6803741455078	177547	129.7844390869141	226149	130.1345520019531	138683	130.7095947265625	175403	130.8548889160156	282837	131.8559875488281	102154	132.8344879150391	226728	134.666259765625	2189	136.2350921630859	2283	136.9561920166016	125927	137.5318145751953	308593	138.6578521728516	253239	138.6686706542969	77400	140.2355194091797	
206883	128.4562225341797	75230	197.0431365966797	60299	264.3936462402344	188978	271.1401977539062	330527	284.4309997558594	220039	284.5013122558594	145637	284.9263000488281	130216	286.12060546875	321828	286.4978332519531	271222	289.5082092285156	106040	289.9758605957031	181065	290.7490234375	2937	293.5745239257812	84787	297.8388977050781	259404	298.2800598144531	161527	299.2540588378906	183421	300.8770446777344	66839	301.3502807617188	71228	302.8299865722656	319653	303.1913452148438	
