200 20
70795	28.56571388244629	259527	28.75760841369629	266772	28.80972099304199	230073	28.82707023620605	125726	28.84440994262695	71439	28.89636611938477	193622	28.93095207214355	231582	28.93095207214355	42656	28.94822883605957	205483	29.01723670959473	219283	29.01723670959473	25367	29.03446197509766	108753	29.03446197509766	143317	29.03446197509766	137093	29.05167770385742	249238	29.05167770385742	48314	29.10326385498047	197895	29.10326385498047	210414	29.13760375976562	182472	29.15476036071777	
19613	28.37252235412598	184842	28.44292449951172	58205	29.17190361022949	17738	29.24038314819336	42017	29.30870246887207	43147	29.35983657836914	223821	29.61418533325195	77136	29.66479301452637	139012	29.8328685760498	263713	29.86636924743652	153565	30.09983444213867	241791	30.16620635986328	101178	30.21588897705078	98295	30.2654914855957	114682	30.2654914855957	198210	30.28200721740723	63753	30.39736747741699	165894	30.5614128112793	146049	30.5777702331543	82799	30.5941162109375	
207519	38.34057998657227	52946	38.44476699829102	92673	38.4837646484375	191884	38.57460403442383	243593	38.62641525268555	153118	38.71692276000977	139051	38.80721664428711	61996	38.84584808349609	170745	38.88444519042969	171789	38.97434997558594	218589	38.98717880249023	238771	39	162628	39.08964157104492	104750	39.12799453735352	159658	39.14076995849609	71108	39.15354537963867	89191	39.15354537963867	195784	39.15354537963867	20833	39.20458984375	41449	39.20458984375	
135479	51.17616653442383	192783	51.61395263671875	193646	51.91339111328125	140247	53.75872039794922	132439	54.00925827026367	20039	54.19409561157227	16929	54.69003677368164	196127	54.90901565551758	238993	55.13619613647461	126801	55.91064453125	252457	56.63037872314453	170976	57.19265747070312	36732	57.34980392456055	38169	57.84461975097656	262629	58.12916564941406	30777	58.24946212768555	20413	58.95761108398438	247927	58.99152374267578	178385	59.0423583984375	172544	59.42221832275391	
193395	26.1151294708252	76993	26.57065963745117	38424	26.60826873779297	15924	26.87005805969238	226015	26.88865852355957	28951	26.92582321166992	44138	26.94438743591309	125797	27.01851272583008	136320	27.01851272583008	79782	27.14774322509766	195919	27.14774322509766	29535	27.20294189453125	212852	27.22131538391113	100533	27.23967742919922	160577	27.23967742919922	163090	27.23967742919922	57603	27.25802612304688	168432	27.25802612304688	3489	27.3129997253418	120280	27.3129997253418	
151933	34.77067565917969	208779	36	192367	36.06937789916992	71396	36.08323669433594	162815	36.11093902587891	31376	36.20773315429688	212200	36.20773315429688	128415	36.30426788330078	156679	36.37306594848633	212868	36.37306594848633	129254	36.41428375244141	267327	36.44173431396484	90040	36.45545196533203	146883	36.51027297973633	257983	36.52396392822266	181562	36.55133438110352	103890	36.56501007080078	179397	36.56501007080078	259298	36.56501007080078	61829	36.57868194580078	
74404	23.19482612609863	24174	23.23789978027344	207557	23.38803100585938	18633	23.43074989318848	129482	23.49468040466309	119462	23.53720474243164	132964	23.57965278625488	229464	23.57965278625488	201092	23.66431999206543	154203	23.68543815612793	174443	23.72762107849121	42397	23.76972770690918	213449	23.7907543182373	213455	23.8117618560791	168461	23.89560699462891	104369	23.9165210723877	167115	23.93741798400879	209713	23.93741798400879	40474	23.97915840148926	253734	24.06241798400879	
216443	22.93469047546387	241437	22.93469047546387	132903	23.0867919921875	253677	23.25940704345703	56495	23.32380676269531	169863	23.36664199829102	177193	23.36664199829102	199366	23.36664199829102	23478	23.38803100585938	144822	23.38803100585938	117966	23.40939903259277	188449	23.40939903259277	98554	23.43074989318848	244189	23.43074989318848	249649	23.55843734741211	9176	23.66431999206543	104769	23.68543815612793	112737	23.68543815612793	51927	23.72762107849121	66295	23.72762107849121	
196647	23.62202453613281	250947	23.87467193603516	10393	24.02082443237305	145834	24.08318901062012	253517	24.14539337158203	107879	24.16609191894531	58037	24.1867733001709	112171	24.22808265686035	120208	24.22808265686035	166575	24.22808265686035	40650	24.24871063232422	108512	24.24871063232422	176401	24.24871063232422	241877	24.24871063232422	70016	24.26932144165039	162704	24.26932144165039	84782	24.31049156188965	265873	24.31049156188965	147587	24.33105087280273	146525	24.35159111022949	
201060	44.21538162231445	257071	44.31703948974609	9875	44.74371337890625	155098	45.84757232666016	215930	45.98912811279297	97256	46.04345703125	9508	46.06517028808594	43383	46.21688079833984	179373	46.28174591064453	123416	46.35730743408203	218586	46.55104827880859	261758	46.60472106933594	205436	47	253034	47.04253387451172	148498	47.15930557250977	114175	47.19110107421875	152921	47.19110107421875	142836	47.39198303222656	101045	47.40253067016602	46433	47.42362213134766	
113355	26.72077751159668	50250	27	263008	27.18455505371094	53524	27.23967742919922	208384	27.33130073547363	219810	27.4226188659668	160512	27.45906066894531	25212	27.54995536804199	268442	27.60434722900391	101679	27.67670440673828	163461	27.73084831237793	167682	27.80287742614746	213005	27.82085609436035	76953	27.89265060424805	197174	27.91057205200195	254043	27.94637680053711	99530	27.98213768005371	253397	28.07133674621582	14693	28.1069393157959	50782	28.1069393157959	
46401	26.03843307495117	115185	26.07680892944336	64776	26.09597587585449	262074	26.1151294708252	87649	26.13426780700684	169862	26.2297534942627	145098	26.38181114196777	139510	26.4007568359375	176202	26.4196891784668	168286	26.43860816955566	37629	26.55183601379395	46148	26.60826873779297	42766	26.62705421447754	52678	26.64582443237305	260217	26.64582443237305	1795	26.66458320617676	192754	26.68332862854004	138937	26.70206069946289	267322	26.70206069946289	188117	26.77685546875	
3389	24.04162979125977	239382	24.16609191894531	76337	24.35159111022949	175699	24.45403861999512	69356	24.53568840026855	8635	24.55605888366699	138063	24.59674835205078	132216	24.63736915588379	106617	24.67792510986328	132147	24.71841430664062	25561	24.75883674621582	45035	24.75883674621582	46291	24.75883674621582	120821	24.75883674621582	130749	24.75883674621582	207586	24.75883674621582	42879	24.7991943359375	202468	24.7991943359375	237743	24.7991943359375	48445	24.8193473815918	
23903	26.28687858581543	26180	26.66458320617676	59413	26.72077751159668	39373	26.7394847869873	112691	26.7394847869873	98701	26.83281517028809	59372	26.88865852355957	90567	26.88865852355957	13543	26.98147583007812	132975	27	189173	27.03701210021973	227444	27.09243392944336	176771	27.11088371276855	127009	27.1661548614502	260283	27.1661548614502	201920	27.18455505371094	84706	27.22131538391113	23044	27.25802612304688	155094	27.25802612304688	52087	27.27636337280273	
219896	29.15476036071777	222965	29.18903923034668	125119	29.56349182128906	158244	29.64793395996094	75584	29.69848442077637	128159	29.88310623168945	227667	29.89983367919922	95646	29.91654968261719	195616	29.98332786560059	239086	29.98332786560059	110916	30.01666259765625	193813	30.01666259765625	101658	30.06659317016602	214744	30.08321762084961	37705	30.09983444213867	93516	30.09983444213867	173434	30.11643981933594	226925	30.16620635986328	71134	30.18277740478516	19964	30.24896621704102	
125192	27.91057205200195	245712	27.94637680053711	204772	27.96426200866699	266783	28.03569221496582	45005	28.16025543212891	129865	28.26658821105957	231123	28.39013862609863	257136	28.40774536132812	255451	28.44292449951172	237623	28.49561309814453	113665	28.56571388244629	5618	28.63564300537109	21683	28.65309715270996	55275	28.67054176330566	189363	28.72281265258789	261440	28.72281265258789	62773	28.74021530151367	922	28.77499008178711	254304	28.77499008178711	151948	28.80972099304199	
147216	29.58039855957031	193821	30	245142	30.08321762084961	193611	30.18277740478516	258514	30.19933700561523	87537	30.2324333190918	193812	30.4138126373291	213308	30.44667434692383	104234	30.46309280395508	172410	30.54504776000977	76492	30.6104564666748	86362	30.65942001342773	150208	30.67572402954102	183912	30.67572402954102	233369	30.67572402954102	1194	30.69201850891113	259633	30.72458267211914	225613	30.74085235595703	100614	30.78960800170898	88964	30.96772575378418	
46913	34.19064331054688	119496	34.20526123046875	47366	34.68429183959961	114240	34.69870376586914	224976	34.71310806274414	140921	34.78505325317383	175147	34.7994270324707	175351	34.87119293212891	194497	34.94281005859375	229395	34.97141647338867	166692	34.98571014404297	19124	35.0142822265625	133494	35.02856063842773	195118	35.05709457397461	250859	35.05709457397461	112664	35.15679168701172	64890	35.1710090637207	203941	35.1710090637207	237817	35.1710090637207	153555	35.18522262573242	
237636	27.6224536895752	158440	27.73084831237793	160761	27.85677719116211	162498	28.42534065246582	208828	28.65309715270996	161782	28.6879768371582	92074	28.70540046691895	150469	28.87905883789062	78005	28.89636611938477	11372	28.94822883605957	154529	28.98275375366211	142799	29.03446197509766	87169	29.05167770385742	78713	29.08607864379883	83291	29.17190361022949	244023	29.17190361022949	21786	29.20616340637207	78821	29.20616340637207	267115	29.20616340637207	89501	29.2232780456543	
3358	25.61249732971191	73022	25.9229621887207	66782	26.2297534942627	116475	26.43860816955566	265081	26.49528312683105	250311	26.5894718170166	218864	27.05549812316895	150245	27.20294189453125	186012	27.40437889099121	132879	27.44084548950195	22596	27.45906066894531	131979	27.54995536804199	93966	27.60434722900391	242424	27.74887466430664	132068	27.91057205200195	155755	27.92848014831543	121814	28	71527	28.01785087585449	215481	28.1069393157959	77482	28.14249420166016	
75815	27.44084548950195	65714	27.53179931640625	114430	27.78488731384277	13182	28.12472152709961	247871	28.31960487365723	127817	28.39013862609863	74647	28.54820442199707	208097	28.60069847106934	23195	28.63564300537109	66567	28.67054176330566	252011	28.72281265258789	268523	28.72281265258789	174716	28.82707023620605	208416	28.84440994262695	150521	28.87905883789062	211227	28.87905883789062	79563	28.89636611938477	213579	28.89636611938477	3823	28.94822883605957	195981	28.94822883605957	
267579	26.90724754333496	178216	27.01851272583008	111889	27.09243392944336	123662	27.09243392944336	70539	27.23967742919922	69368	27.44084548950195	205233	27.47726249694824	557	27.51363372802734	39394	27.51363372802734	42542	27.5680980682373	241498	27.5680980682373	256931	27.5680980682373	265831	27.5680980682373	211645	27.58622932434082	203004	27.65863418579102	161529	27.69476509094238	78723	27.71281242370605	229567	27.74887466430664	237814	27.74887466430664	178927	27.78488731384277	
169616	31.17691421508789	190276	31.73326301574707	22669	31.79622650146484	3053	31.95309066772461	133365	32.03123474121094	90954	32.2180061340332	145820	32.28002548217773	191937	32.34192276000977	55562	32.38827133178711	230896	32.41912841796875	130222	32.52691268920898	194372	32.61901473999023	122853	32.66496658325195	211360	32.69556427001953	148891	32.74140930175781	234665	32.78719329833984	38549	32.81767654418945	78608	32.81767654418945	210703	32.84813690185547	18154	32.86335372924805	
51912	33.60059356689453	111801	34.97141647338867	64991	35.18522262573242	23925	35.25620651245117	54962	35.31288528442383	201407	35.39773941040039	252640	35.55277633666992	4125	35.56683731079102	47402	35.60898590087891	37384	35.63705825805664	229779	35.63705825805664	211465	35.81898880004883	7351	35.87478256225586	131198	35.91656875610352	4139	35.97220993041992	68539	36	159063	36.04164123535156	175711	36.04164123535156	151001	36.05551147460938	155161	36.09709167480469	
108598	27.69476509094238	95986	29.93325996398926	228661	30.18277740478516	28451	30.39736747741699	234456	30.43024826049805	17508	30.46309280395508	213939	30.46309280395508	34225	30.49590110778809	178580	30.51229286193848	59686	30.5286750793457	125017	30.5286750793457	107682	30.54504776000977	97095	30.5614128112793	211232	30.5941162109375	42186	30.6104564666748	93647	30.62678527832031	138223	30.62678527832031	202093	30.62678527832031	34530	30.64310646057129	129179	30.64310646057129	
138531	25.45584487915039	5243	26.2297534942627	74634	26.2297534942627	55635	26.30589294433594	29840	26.38181114196777	63452	26.4575138092041	180881	26.47640419006348	55869	26.49528312683105	207152	26.53299903869629	243048	26.5894718170166	16575	26.64582443237305	85017	26.68332862854004	8948	26.7394847869873	32828	26.7394847869873	94964	26.7394847869873	157250	26.81417465209961	62683	26.83281517028809	110079	26.94438743591309	187300	26.96293830871582	238372	26.96293830871582	
123346	35.25620651245117	21723	35.66510772705078	89259	35.97220993041992	104340	36.12478256225586	203818	36.45545196533203	216016	36.45545196533203	184809	36.55133438110352	11563	36.60601043701172	221288	36.61966705322266	115247	36.63331985473633	242026	36.66060638427734	57313	36.67424011230469	57217	36.70149993896484	113420	36.72873687744141	128567	36.75595092773438	43431	36.82390594482422	144215	36.83748245239258	172716	36.83748245239258	122083	36.93236923217773	137072	36.94590759277344	
156217	20.90454483032227	107136	21.21320343017578	253677	21.40093421936035	234881	21.47091102600098	129431	21.49418449401855	100038	21.61018371582031	252075	21.79449462890625	185256	21.84033012390137	165857	21.95449829101562	100025	22.06807708740234	185175	22.06807708740234	74467	22.15851974487305	88761	22.15851974487305	978	22.22611045837402	112737	22.27105712890625	112231	22.36067962646484	257283	22.36067962646484	51927	22.40535736083984	183083	22.42766189575195	39683	22.47220420837402	
148855	30	1008	30.5941162109375	3120	30.67572402954102	78426	30.72458267211914	18991	30.78960800170898	107714	30.82206916809082	263647	30.83828735351562	38178	30.88689041137695	110393	30.90307426452637	202122	30.93541717529297	176003	30.95157432556152	200846	30.95157432556152	243187	30.95157432556152	139927	30.98386764526367	236728	30.98386764526367	43020	31	167061	31.03224182128906	236929	31.03224182128906	178867	31.04834938049316	218603	31.04834938049316	
148230	22.15851974487305	170578	22.27105712890625	77023	22.33830833435059	50932	22.44994354248047	111804	22.64950370788574	101355	22.89104652404785	206991	22.91287803649902	191331	22.93469047546387	267191	22.93469047546387	128712	23.04343795776367	17263	23.15167427062988	45365	23.15167427062988	37850	23.21637344360352	197080	23.25940704345703	242460	23.28089332580566	122802	23.34523582458496	261594	23.34523582458496	75057	23.473388671875	193751	23.473388671875	51927	23.51595115661621	
219693	30.88689041137695	118424	32.10918807983398	93104	32.78719329833984	75186	33.24153900146484	91850	33.97057723999023	116502	34	24525	34.45286560058594	211377	34.56877136230469	43493	34.71310806274414	125754	34.72751235961914	159783	34.82814788818359	11064	34.95711517333984	73365	35.02856063842773	24026	35.11410140991211	176906	35.2136344909668	155706	35.22782897949219	158131	35.2703857421875	171633	35.29872512817383	202370	35.35533905029297	184065	35.49647903442383	
162997	30.5777702331543	209599	32.03123474121094	115780	32.04684066772461	55211	32.26453018188477	136208	32.29550933837891	151522	32.32645797729492	189734	32.34192276000977	158811	32.35737991333008	174145	32.38827133178711	22876	32.52691268920898	26111	32.63433837890625	111134	32.66496658325195	165272	32.66496658325195	38165	32.69556427001953	210087	32.72613525390625	185388	32.75667953491211	257253	32.80244064331055	267203	32.81767654418945	88510	32.83290863037109	108082	32.86335372924805	
233494	28.84440994262695	32154	28.93095207214355	63542	29	87935	29.06888389587402	247227	29.18903923034668	118877	29.2916374206543	80437	29.32575607299805	198474	29.35983657836914	164432	29.39387702941895	239141	29.39387702941895	36495	29.4108829498291	67272	29.42787742614746	199099	29.42787742614746	179644	29.46183967590332	213233	29.46183967590332	48537	29.47880554199219	34321	29.51270866394043	100158	29.5296459197998	13238	29.56349182128906	239301	29.56349182128906	
60560	30.80584335327148	50785	31.22499084472656	36575	32.03123474121094	99726	32.04684066772461	228170	32.06243896484375	262024	32.23352432250977	151687	32.28002548217773	69857	32.43455123901367	38514	32.51153564453125	26669	32.52691268920898	218864	32.58834075927734	264159	32.64965438842773	246372	32.77193832397461	261894	32.80244064331055	130791	32.83290863037109	239990	32.83290863037109	96451	32.87856292724609	113194	32.87856292724609	80445	32.92415618896484	37175	32.98484420776367	
112684	23.0867919921875	28250	23.15167427062988	105400	23.32380676269531	118167	23.38803100585938	243768	23.473388671875	10557	23.55843734741211	91126	23.57965278625488	252814	23.64318084716797	187882	23.66431999206543	12817	23.74868392944336	182900	23.74868392944336	209651	23.83275032043457	58781	23.85372161865234	175856	23.89560699462891	189084	23.93741798400879	48875	24	219670	24.06241798400879	188269	24.08318901062012	121017	24.10394096374512	35457	24.12467575073242	
203017	28.14249420166016	141280	29.06888389587402	27638	29.18903923034668	264017	29.37686157226562	82038	29.46183967590332	89604	29.58039855957031	242085	29.64793395996094	126576	29.69848442077637	176782	29.78254508972168	158163	29.79932975769043	167562	29.89983367919922	206573	29.91654968261719	108198	29.96664810180664	111720	30.01666259765625	228287	30.04995918273926	167980	30.09983444213867	237261	30.18277740478516	225769	30.24896621704102	70911	30.2654914855957	188539	30.2654914855957	
128900	28.6879768371582	138761	29.30870246887207	165338	29.35983657836914	219795	29.4108829498291	259410	29.4108829498291	147245	29.44486427307129	1210	29.47880554199219	205832	29.56349182128906	112247	29.58039855957031	205083	29.59729766845703	121971	29.61418533325195	93958	29.63106536865234	249569	29.63106536865234	11318	29.66479301452637	128674	29.68164443969727	148758	29.68164443969727	134509	29.71531677246094	143343	29.73213768005371	15447	29.74894905090332	49279	29.74894905090332	
74486	23.36664199829102	143018	23.473388671875	130570	24.04162979125977	34911	24.22808265686035	264141	24.22808265686035	55598	24.26932144165039	191672	24.28991508483887	238380	24.39262199401855	81595	24.41311073303223	254452	24.41311073303223	178351	24.45403861999512	139510	24.53568840026855	46950	24.63736915588379	120565	24.65765571594238	115756	24.67792510986328	3636	24.69817733764648	124830	24.71841430664062	243868	24.71841430664062	27692	24.91987228393555	180055	24.91987228393555	
129305	31.3687744140625	105492	31.52776527404785	128399	32.01562118530273	160762	32.09361267089844	190811	32.09361267089844	256729	32.17141723632812	78020	32.18695449829102	92972	32.18695449829102	105244	32.18695449829102	90757	32.2180061340332	9290	32.29550933837891	159988	32.29550933837891	220963	32.37282943725586	187731	32.40370178222656	99410	32.4499626159668	179983	32.4499626159668	42542	32.46536636352539	139993	32.46536636352539	9093	32.51153564453125	116677	32.51153564453125	
85004	30.51229286193848	204412	30.74085235595703	190083	30.77336502075195	217639	30.83828735351562	78135	30.87069892883301	205544	30.95157432556152	266741	31.04834938049316	37184	31.06444931030273	144558	31.06444931030273	98293	31.08053970336914	13438	31.11269760131836	22668	31.17691421508789	99361	31.19294738769531	165681	31.2089729309082	177758	31.22499084472656	25146	31.24099922180176	187664	31.24099922180176	249651	31.24099922180176	17365	31.25699996948242	85466	31.25699996948242	
98928	27.20294189453125	132958	27.27636337280273	168432	27.53179931640625	246109	27.53179931640625	156646	27.6224536895752	11142	27.69476509094238	172452	27.74887466430664	205794	27.78488731384277	69082	27.80287742614746	150705	27.82085609436035	230243	27.85677719116211	137844	27.87471961975098	180910	27.91057205200195	43600	27.92848014831543	200184	27.94637680053711	261267	27.96426200866699	134121	27.98213768005371	6456	28.01785087585449	99711	28.01785087585449	109294	28.03569221496582	
229581	23.95829772949219	250867	24.08318901062012	27840	24.14539337158203	103304	24.14539337158203	266967	24.16609191894531	123993	24.22808265686035	173465	24.24871063232422	6682	24.37211608886719	135809	24.41311073303223	173844	24.41311073303223	189195	24.41311073303223	238360	24.43358421325684	239382	24.43358421325684	263574	24.4744758605957	111889	24.53568840026855	202136	24.53568840026855	132008	24.55605888366699	211438	24.55605888366699	128614	24.59674835205078	93502	24.61706733703613	
103848	26.30589294433594	233481	26.60826873779297	110188	26.64582443237305	185527	26.64582443237305	186362	26.7394847869873	48199	26.79552268981934	103748	26.98147583007812	22804	27.09243392944336	94204	27.09243392944336	77626	27.12932014465332	219651	27.14774322509766	95443	27.18455505371094	155326	27.20294189453125	6744	27.22131538391113	69851	27.23967742919922	244682	27.27636337280273	62683	27.29468727111816	44816	27.3129997253418	42524	27.34958839416504	64179	27.34958839416504	
89065	26.87005805969238	146338	27.11088371276855	204766	27.1661548614502	166250	27.20294189453125	181861	27.33130073547363	241232	27.5680980682373	257317	27.58622932434082	114764	27.6224536895752	202493	27.65863418579102	182477	27.69476509094238	114450	27.71281242370605	87102	27.73084831237793	185560	27.73084831237793	17674	27.74887466430664	87341	27.74887466430664	107179	27.74887466430664	240921	27.74887466430664	103553	27.76688766479492	214350	27.80287742614746	144853	27.82085609436035	
101646	23.23789978027344	29149	23.30236053466797	227616	23.66431999206543	234990	24	117416	24.08318901062012	47804	24.45403861999512	231548	24.59674835205078	26432	24.65765571594238	77791	24.67792510986328	266589	24.75883674621582	219637	24.8193473815918	44653	25.21903991699219	62239	25.23885917663574	85846	25.59296798706055	104384	25.65151023864746	51279	25.67099571228027	219291	25.69046592712402	257718	25.74878692626953	257967	25.80697631835938	15283	25.82634353637695	
59723	23.473388671875	99581	23.87467193603516	65066	23.97915840148926	163857	24.04162979125977	195925	24.06241798400879	241632	24.20743751525879	17967	24.37211608886719	213492	24.43358421325684	13754	24.51530075073242	17813	24.55605888366699	13962	24.57641220092773	205869	24.61706733703613	51419	24.69817733764648	102563	24.69817733764648	208659	24.69817733764648	422	24.71841430664062	246635	24.75883674621582	155970	24.77902412414551	121102	24.95996856689453	36140	25	
21273	42.82522583007812	104506	43.34743499755859	16179	43.60046005249023	248732	44.06813049316406	251926	44.81071472167969	148555	45.022216796875	239647	45.022216796875	88708	45.09988784790039	88705	45.2437858581543	6775	45.27692413330078	85872	45.28796768188477	258990	45.48626327514648	243786	45.55216979980469	187417	45.7055778503418	47423	45.72745513916016	255262	45.77117156982422	48344	45.79301071166992	19572	45.86938095092773	152576	45.88027954101562	90192	45.95650100708008	
53763	32.23352432250977	1667	32.35737991333008	211110	32.49615478515625	21706	32.51153564453125	39278	32.57299423217773	130700	32.61901473999023	182922	32.61901473999023	153319	32.63433837890625	17947	32.74140930175781	90444	32.74140930175781	69625	32.77193832397461	151134	32.77193832397461	127899	32.80244064331055	106632	32.84813690185547	111174	32.86335372924805	138950	32.87856292724609	52414	32.90896606445312	162543	32.90896606445312	259251	32.93933868408203	267318	32.93933868408203	
136520	22	78807	22.06807708740234	28492	22.49444389343262	44851	22.51666069030762	49698	22.58317947387695	101900	22.58317947387695	357	22.64950370788574	200548	22.64950370788574	264647	22.71563339233398	51299	22.75961303710938	223482	22.75961303710938	91521	22.78157234191895	151164	22.78157234191895	238360	22.82542419433594	239744	22.82542419433594	93502	22.84731864929199	137827	22.84731864929199	51696	22.86919403076172	95602	22.86919403076172	136253	22.89104652404785	
45372	26.2297534942627	85143	27.09243392944336	131893	27.1661548614502	104485	27.20294189453125	128036	27.20294189453125	29500	27.22131538391113	70275	27.23967742919922	182344	27.29468727111816	216759	27.36786460876465	224499	27.38612747192383	264784	27.40437889099121	154997	27.44084548950195	142911	27.45906066894531	29748	27.47726249694824	41948	27.49545478820801	242737	27.5680980682373	252737	27.58622932434082	120110	27.60434722900391	203104	27.6224536895752	245481	27.6224536895752	
21878	26.87005805969238	249449	27.58622932434082	197502	27.76688766479492	237393	27.76688766479492	95648	28	12437	28.03569221496582	234990	28.07133674621582	160698	28.12472152709961	244556	28.12472152709961	212955	28.24889373779297	256871	28.24889373779297	179176	28.56571388244629	86810	28.58321189880371	194517	28.63564300537109	208684	28.84440994262695	94352	28.86174011230469	186245	28.86174011230469	31248	28.98275375366211	154278	29.03446197509766	8816	29.05167770385742	
151691	22.71563339233398	92930	22.80350875854492	193951	23.0867919921875	13397	23.76972770690918	19116	24.10394096374512	58632	24.1867733001709	253553	24.33105087280273	265187	24.41311073303223	138233	24.77902412414551	172948	24.7991943359375	189981	24.8193473815918	94421	25.23885917663574	128784	25.37715530395508	45909	25.47547912597656	149134	25.49509811401367	25517	25.51470184326172	88224	25.55386543273926	26712	25.59296798706055	261937	25.65151023864746	162595	25.72936058044434	
19322	15.62049961090088	204206	18	226210	18.30300521850586	260624	18.65475845336914	137869	19.36491584777832	268038	19.59591865539551	3363	19.72308349609375	19744	19.82422828674316	81039	19.82422828674316	10909	19.94993782043457	157407	20.0499382019043	231460	20.2237491607666	245126	20.27313423156738	140062	20.66397857666016	211711	20.73644065856934	197035	20.76054000854492	226967	20.76054000854492	149179	20.78460884094238	202730	20.78460884094238	192190	20.95232772827148	
28571	20.37154960632324	222146	21.09502220153809	146457	21.21320343017578	224103	21.33072853088379	20015	21.40093421936035	41256	21.49418449401855	159931	21.54065895080566	174595	21.58703231811523	218705	21.61018371582031	263042	21.61018371582031	222545	21.63330841064453	40597	21.67948341369629	30138	21.70253372192383	133460	21.70253372192383	150555	21.70253372192383	134352	21.77154159545898	77008	21.79449462890625	164896	21.79449462890625	180860	21.79449462890625	108611	21.84033012390137	
164309	27.01851272583008	146961	27.05549812316895	9112	27.09243392944336	143438	27.14774322509766	24834	27.18455505371094	226660	27.23967742919922	86515	27.27636337280273	33186	27.3129997253418	69461	27.34958839416504	95443	27.34958839416504	194290	27.45906066894531	163417	27.47726249694824	13439	27.49545478820801	195852	27.51363372802734	85240	27.53179931640625	78246	27.54995536804199	91902	27.54995536804199	101783	27.5680980682373	236294	27.5680980682373	37183	27.58622932434082	
244469	21.56385803222656	101711	22.06807708740234	177896	22.15851974487305	35422	22.78157234191895	178352	23.68543815612793	43953	24.22808265686035	4800	24.35159111022949	207942	24.37211608886719	79786	25.03996849060059	209412	25.07987213134766	47702	25.29822158813477	46553	25.3968505859375	109093	25.45584487915039	17892	25.51470184326172	169948	25.59296798706055	164262	25.70992088317871	14856	26.36285209655762	125765	26.4007568359375	196825	26.94438743591309	232976	26.98147583007812	
143007	43.90899658203125	156583	54.06477737426758	193330	54.44263076782227	235894	54.93632507324219	9188	56.3116340637207	19868	57.32364273071289	214454	58.49786376953125	217815	59.09314727783203	209302	59.13543701171875	3711	59.23681259155273	243728	59.54829788208008	72729	59.9416389465332	157425	60.05830383300781	210285	60.12487030029297	35195	60.4400520324707	164329	60.53924179077148	27558	60.66300201416016	249329	60.79473495483398	217840	61.13918685913086	125566	61.22907638549805	
5587	26.81417465209961	133166	27.45906066894531	251418	27.49545478820801	66957	27.60434722900391	142911	27.67670440673828	213217	27.67670440673828	137320	27.69476509094238	73880	27.74887466430664	190018	27.78488731384277	103176	27.91057205200195	267428	28.03569221496582	143639	28.08914375305176	44591	28.1069393157959	51092	28.14249420166016	100468	28.14249420166016	10007	28.16025543212891	148122	28.16025543212891	150251	28.16025543212891	224231	28.16025543212891	105276	28.17800521850586	
122975	31.55946731567383	124241	31.63858413696289	15032	31.70173454284668	230638	32.37282943725586	34025	32.40370178222656	256764	32.60367965698242	122414	32.68027114868164	130036	32.77193832397461	120599	32.80244064331055	114598	32.92415618896484	150550	33	261328	33.03028869628906	213931	33.18132019042969	219710	33.22649383544922	76423	33.27161026000977	205069	33.3166618347168	119278	33.37664031982422	202060	33.39161682128906	250682	33.42155075073242	14299	33.43650817871094	
78544	29.42787742614746	121755	29.86636924743652	159263	30.08321762084961	75893	30.65942001342773	211424	30.65942001342773	118436	30.67572402954102	132842	30.70830535888672	254013	30.74085235595703	220858	30.77336502075195	181863	30.80584335327148	203892	30.87069892883301	41662	30.88689041137695	109336	30.96772575378418	128143	31.03224182128906	149855	31.03224182128906	182382	31.03224182128906	253917	31.04834938049316	234467	31.08053970336914	211096	31.11269760131836	8854	31.17691421508789	
193128	42.46174621582031	125676	42.4735221862793	214351	42.59107971191406	29723	42.79018402099609	186634	43.09292221069336	12693	43.26661682128906	124195	43.33589553833008	8029	43.41658782958984	49164	43.50862121582031	196733	43.53159713745117	137734	43.5889892578125	28490	43.60046005249023	60635	43.61192321777344	198446	43.70354843139648	180927	43.74928665161133	45712	43.79497528076172	251707	43.80639266967773	249745	43.81780624389648	120664	43.8292121887207	71194	43.90899658203125	
130668	25.70992088317871	94342	25.76819801330566	56644	25.84569549560547	260584	25.88435745239258	119838	25.90366744995117	264779	25.9229621887207	163230	25.9422435760498	37447	25.98076248168945	111082	26	105185	26.01922416687012	120388	26.01922416687012	148533	26.07680892944336	231555	26.07680892944336	88740	26.09597587585449	193274	26.1151294708252	81257	26.15339279174805	224364	26.15339279174805	49238	26.17250442504883	56587	26.21068572998047	96950	26.21068572998047	
160193	26.4196891784668	39725	27	79856	27.23967742919922	211227	27.44084548950195	157465	28.03569221496582	241129	28.08914375305176	264585	28.28427124023438	139889	28.47806167602539	22627	28.51315498352051	170457	28.54820442199707	28242	28.6181755065918	221301	28.6181755065918	247120	28.74021530151367	63240	28.79236030578613	53348	28.86174011230469	96134	28.87905883789062	186333	28.96549606323242	93115	29.06888389587402	218745	29.10326385498047	55853	29.12043952941895	
64638	38.39270782470703	212126	39.25557327270508	3548	39.71146011352539	198662	40.48456573486328	91006	40.86563491821289	62629	41.31585693359375	257135	41.60528945922852	147980	41.6533317565918	71089	41.67733383178711	200262	41.67733383178711	190419	41.73727416992188	85260	41.76122665405273	257004	41.86884307861328	141006	41.88078308105469	151782	41.88078308105469	48593	42.01190185546875	57567	42.05948257446289	55090	42.07136917114258	138225	42.10700607299805	70988	42.16633605957031	
231473	29.24038314819336	172821	29.47880554199219	24796	30.16620635986328	242121	30.38091468811035	251801	30.44667434692383	129517	30.46309280395508	168086	30.49590110778809	227534	30.51229286193848	219370	30.64310646057129	74819	30.78960800170898	52219	30.88689041137695	76830	30.90307426452637	258213	30.93541717529297	205985	31.06444931030273	255929	31.19294738769531	149446	31.24099922180176	160173	31.24099922180176	173878	31.24099922180176	186764	31.25699996948242	89632	31.27299118041992	
166407	32.69556427001953	171419	32.84813690185547	225257	32.84813690185547	71879	33.03028869628906	59337	33.0454216003418	259698	33.19638442993164	249067	33.27161026000977	63124	33.30165100097656	261168	33.30165100097656	88108	33.3316650390625	103691	33.34666442871094	122735	33.34666442871094	263704	33.36165618896484	149342	33.45145797729492	75108	33.46640014648438	34225	33.48133850097656	257504	33.48133850097656	30	33.51119232177734	221409	33.51119232177734	157332	33.54101943969727	
132270	25.57342338562012	265697	25.63201141357422	167057	26.09597587585449	101902	26.1151294708252	131335	26.70206069946289	38050	26.72077751159668	265506	26.83281517028809	17174	26.87005805969238	126640	26.87005805969238	80509	26.88865852355957	198384	26.92582321166992	245412	26.96293830871582	154429	26.98147583007812	160540	26.98147583007812	177618	27	100515	27.05549812316895	168954	27.09243392944336	131764	27.11088371276855	91754	27.18455505371094	164985	27.20294189453125	
20377	28.24889373779297	166863	28.30194282531738	206960	28.33725547790527	56294	28.39013862609863	261440	28.58321189880371	84312	28.60069847106934	153243	28.60069847106934	258772	28.63564300537109	12472	28.65309715270996	46565	28.72281265258789	186063	28.72281265258789	246039	28.74021530151367	141276	28.79236030578613	251156	28.79236030578613	203595	28.82707023620605	140196	28.84440994262695	152995	28.91366386413574	125017	28.94822883605957	210123	28.94822883605957	241701	28.94822883605957	
158857	28.86174011230469	131453	29.18903923034668	198512	29.20616340637207	21706	29.2916374206543	171419	29.37686157226562	109791	29.42787742614746	152492	29.42787742614746	198871	29.56349182128906	208950	29.58039855957031	78731	29.63106536865234	137305	29.63106536865234	95861	29.64793395996094	237556	29.64793395996094	67923	29.69848442077637	124741	29.74894905090332	150621	29.7657527923584	198864	29.78254508972168	19554	29.81610298156738	124029	29.81610298156738	195151	29.81610298156738	
240661	23	145515	23.57965278625488	208804	23.76972770690918	52555	24.08318901062012	187012	24.16609191894531	267428	24.1867733001709	94966	24.24871063232422	73017	24.28991508483887	241102	24.33105087280273	186677	24.4744758605957	75906	24.55605888366699	186362	24.55605888366699	16840	24.57641220092773	235773	24.57641220092773	237744	24.57641220092773	5475	24.59674835205078	105068	24.59674835205078	152665	24.59674835205078	189403	24.61706733703613	239751	24.63736915588379	
153510	28.51315498352051	64905	28.65309715270996	194290	28.65309715270996	206946	28.65309715270996	104674	28.6879768371582	229901	28.86174011230469	251561	28.94822883605957	35438	28.96549606323242	232697	29.01723670959473	13238	29.05167770385742	18346	29.08607864379883	176827	29.08607864379883	263111	29.08607864379883	196387	29.10326385498047	186511	29.18903923034668	188948	29.24038314819336	42487	29.25747680664062	186319	29.25747680664062	176830	29.27456283569336	25820	29.2916374206543	
153510	25.45584487915039	8943	25.72936058044434	71996	25.72936058044434	57320	25.76819801330566	39627	25.9422435760498	155664	26.01922416687012	76217	26.03843307495117	84706	26.03843307495117	182473	26.03843307495117	177710	26.0576286315918	6494	26.09597587585449	32247	26.1151294708252	48641	26.13426780700684	9412	26.17250442504883	55322	26.17250442504883	50965	26.19160079956055	58021	26.19160079956055	59281	26.2297534942627	250537	26.2297534942627	41213	26.24880981445312	
255311	36.94590759277344	249394	37.20215225219727	238170	37.24245071411133	87890	37.2827033996582	246319	37.34969711303711	58707	37.41657257080078	237162	37.49666595458984	120346	37.62977600097656	17056	37.73592376708984	156748	37.73592376708984	223101	37.81534194946289	217090	37.82855987548828	57884	37.88139343261719	4655	38.13135147094727	14425	38.17066955566406	30482	38.18376541137695	167817	38.19685745239258	174717	38.22303009033203	116395	38.24918365478516	38355	38.36665344238281	
224177	26.94438743591309	35614	27.25802612304688	15353	27.5680980682373	82654	27.5680980682373	101760	27.71281242370605	260802	27.71281242370605	66738	27.87471961975098	225408	27.87471961975098	212608	28	151270	28.01785087585449	42791	28.08914375305176	104893	28.08914375305176	75741	28.12472152709961	1791	28.19574356079102	77973	28.19574356079102	90745	28.23118782043457	261267	28.23118782043457	133518	28.33725547790527	253124	28.33725547790527	38907	28.37252235412598	
17967	27.74887466430664	213422	28.74021530151367	26719	29.32575607299805	28313	29.42787742614746	6238	29.63106536865234	3522	29.64793395996094	79085	29.66479301452637	8734	29.84962272644043	38946	29.84962272644043	175236	29.84962272644043	49964	30	136506	30.03331565856934	4972	30.08321762084961	184898	30.09983444213867	190074	30.13303756713867	178062	30.18277740478516	78763	30.2324333190918	25600	30.33150100708008	21021	30.34798240661621	66007	30.36445236206055	
255856	25.65151023864746	261922	26.15339279174805	252134	26.26785087585449	849	26.34387969970703	43755	26.60826873779297	264380	26.60826873779297	228685	26.64582443237305	65756	26.70206069946289	48052	26.75817680358887	133402	26.75817680358887	142703	26.77685546875	226959	26.79552268981934	603	26.83281517028809	193387	26.83281517028809	254165	26.83281517028809	55412	26.85144233703613	18081	26.87005805969238	266554	26.87005805969238	221007	26.88865852355957	192531	26.90724754333496	
112129	27.29468727111816	150261	27.36786460876465	215643	27.91057205200195	7214	28	29752	28.1069393157959	2059	28.14249420166016	74475	28.21347236633301	130818	28.23118782043457	92187	28.28427124023438	132903	28.30194282531738	198679	28.33725547790527	116571	28.35489463806152	10656	28.39013862609863	106018	28.42534065246582	162090	28.47806167602539	143727	28.49561309814453	249683	28.49561309814453	63542	28.56571388244629	258027	28.58321189880371	90489	28.6181755065918	
179589	22.95648002624512	197080	23.45207786560059	237007	23.473388671875	92510	23.68543815612793	102639	23.7907543182373	90892	23.8117618560791	231912	23.95829772949219	148190	24	43622	24.14539337158203	212003	24.16609191894531	253232	24.33105087280273	200087	24.37211608886719	154429	24.41311073303223	207722	24.45403861999512	174443	24.55605888366699	163971	24.59674835205078	204592	24.61706733703613	212797	24.61706733703613	138609	24.67792510986328	4015	24.69817733764648	
142949	28.6181755065918	17238	28.70540046691895	203127	28.79236030578613	40184	28.80972099304199	167928	28.80972099304199	254162	28.84440994262695	84116	28.87905883789062	2010	28.96549606323242	8865	28.96549606323242	129739	29	89297	29.03446197509766	264820	29.05167770385742	69259	29.08607864379883	83089	29.08607864379883	49527	29.12043952941895	99092	29.15476036071777	148453	29.17190361022949	42745	29.18903923034668	204100	29.20616340637207	95588	29.25747680664062	
112684	23.53720474243164	29715	24.53568840026855	10557	24.65765571594238	248653	24.8193473815918	261536	24.87971115112305	220963	24.91987228393555	230298	24.95996856689453	94486	25	131492	25	83360	25.05992889404297	192086	25.09980010986328	42451	25.11971282958984	68328	25.11971282958984	174927	25.11971282958984	187731	25.11971282958984	18377	25.13961029052734	175856	25.13961029052734	224438	25.17935752868652	167459	25.19920539855957	258486	25.19920539855957	
206518	25.15949058532715	252991	25.51470184326172	168377	25.61249732971191	12706	25.74878692626953	120463	25.74878692626953	80398	25.78759384155273	144907	25.78759384155273	44047	25.80697631835938	140700	25.82634353637695	150991	25.84569549560547	258772	25.86503410339355	222847	25.90366744995117	35849	26.01922416687012	101022	26.03843307495117	138223	26.0576286315918	161057	26.0576286315918	241496	26.0576286315918	105654	26.07680892944336	137975	26.07680892944336	89848	26.09597587585449	
112171	21.18962097167969	55412	21.44761085510254	4929	21.72556114196777	64743	21.93171310424805	217368	21.93171310424805	228249	21.95449829101562	255856	22.02271461486816	21063	22.04540824890137	155653	22.04540824890137	12627	22.06807708740234	141410	22.06807708740234	91592	22.11334419250488	133569	22.15851974487305	144171	22.18107223510742	18367	22.22611045837402	83716	22.22611045837402	44887	22.24859619140625	34860	22.27105712890625	213956	22.27105712890625	231993	22.27105712890625	
114100	29.59729766845703	150226	30.11643981933594	111911	30.28200721740723	187753	30.28200721740723	101174	30.39736747741699	265322	30.39736747741699	165380	30.43024826049805	34202	30.49590110778809	240867	30.49590110778809	41503	30.5286750793457	166426	30.6104564666748	180167	30.65942001342773	22450	30.70830535888672	138102	30.74085235595703	133669	30.75711250305176	143372	30.75711250305176	136983	30.78960800170898	207850	30.80584335327148	9674	30.82206916809082	142796	30.83828735351562	
240740	31.33687973022461	141360	31.49603080749512	90764	31.73326301574707	237539	31.73326301574707	268330	31.81194686889648	2586	31.93743896484375	87097	31.95309066772461	100433	32.07802963256836	140555	32.09361267089844	1123	32.14031600952148	80285	32.15586853027344	73658	32.20248413085938	92215	32.20248413085938	168302	32.2180061340332	204815	32.28002548217773	68340	32.31098937988281	71528	32.34192276000977	228850	32.34192276000977	139253	32.38827133178711	100621	32.41912841796875	
27062	36.52396392822266	20744	38.18376541137695	15700	38.79433059692383	159944	38.89730072021484	140205	39.52214431762695	92315	39.64845657348633	12734	39.8371696472168	12979	39.96248245239258	260969	39.97499084472656	254623	40.16217041015625	33601	40.23679733276367	46240	40.31128692626953	97038	40.37325668334961	228012	40.38563919067383	213010	40.45985794067383	99625	40.52159881591797	141209	40.52159881591797	48326	40.533935546875	165377	40.63249969482422	112623	40.6939811706543	
101089	31.67017555236816	153224	32.41912841796875	55644	32.43455123901367	95103	32.51153564453125	247022	32.54227828979492	163216	32.63433837890625	160355	32.68027114868164	86228	32.74140930175781	206053	32.78719329833984	65396	32.83290863037109	250489	32.87856292724609	63281	32.92415618896484	8192	32.95451354980469	123055	33.03028869628906	166051	33.03028869628906	242877	33.03028869628906	70229	33.0454216003418	114434	33.0454216003418	21728	33.06055068969727	112154	33.09078598022461	
63240	26.85144233703613	39725	27.03701210021973	22627	27.07397270202637	79563	27.3129997253418	221301	27.40437889099121	244868	27.49545478820801	106002	27.6224536895752	107229	27.73084831237793	53657	27.74887466430664	219171	27.89265060424805	80467	27.96426200866699	104766	28.01785087585449	72002	28.03569221496582	157692	28.05352020263672	249043	28.12472152709961	171441	28.14249420166016	265850	28.14249420166016	30613	28.17800521850586	178191	28.17800521850586	264585	28.17800521850586	
9538	14.62873840332031	184909	15.93737697601318	169882	17.11724281311035	116972	17.54992866516113	55207	17.6068172454834	53191	18.02775573730469	122279	18.22086715698242	253120	18.30300521850586	198467	18.3847770690918	135029	18.41195297241211	179708	18.65475845336914	100329	19.02629852294922	124549	19.36491584777832	153011	19.41648864746094	7236	19.49358940124512	262562	19.49358940124512	18490	19.51922035217285	239597	19.74841690063477	181461	19.79899024963379	186780	19.82422828674316	
20744	36.16628265380859	233344	36.64696502685547	6972	36.67424011230469	48072	36.94590759277344	113238	37.29611206054688	259644	37.38983917236328	63814	37.57658767700195	171739	37.74917221069336	239326	37.74917221069336	256975	37.92097091674805	188648	38.01315689086914	120118	38.15756988525391	114556	38.26225280761719	82813	38.40572738647461	46758	38.54867172241211	214894	38.56163787841797	5038	38.60051727294922	33945	38.62641525268555	222300	38.70400619506836	5813	38.72983169555664	
220044	25.37715530395508	125579	25.9422435760498	260764	26.03843307495117	142969	26.0576286315918	50765	26.07680892944336	231945	26.1151294708252	199382	26.13426780700684	178319	26.21068572998047	8013	26.32489395141602	156701	26.36285209655762	153243	26.4007568359375	105068	26.49528312683105	248127	26.53299903869629	101845	26.57065963745117	132089	26.57065963745117	211823	26.57065963745117	196550	26.60826873779297	191426	26.62705421447754	252991	26.62705421447754	58536	26.66458320617676	
119238	29.51270866394043	129496	29.59729766845703	180098	29.64793395996094	100974	29.66479301452637	241641	29.68164443969727	258476	29.68164443969727	132942	29.69848442077637	133101	29.69848442077637	126273	29.74894905090332	80233	29.7657527923584	153874	29.78254508972168	214677	29.81610298156738	239796	29.8328685760498	59686	29.91654968261719	189707	29.91654968261719	64345	29.98332786560059	114844	29.98332786560059	99112	30.01666259765625	235336	30.04995918273926	131139	30.06659317016602	
239052	25.3968505859375	120734	26.2297534942627	216964	26.36285209655762	11462	26.43860816955566	44076	26.43860816955566	242655	26.55183601379395	19764	26.5894718170166	213684	26.5894718170166	218937	26.68332862854004	88749	26.70206069946289	62183	26.72077751159668	121572	26.72077751159668	231555	26.79552268981934	97810	26.83281517028809	226097	26.87005805969238	134910	26.88865852355957	181689	26.88865852355957	8943	26.90724754333496	13336	26.90724754333496	132234	26.90724754333496	
86444	27.94637680053711	172862	28.14249420166016	123745	28.21347236633301	166549	28.31960487365723	10224	28.44292449951172	148515	28.44292449951172	329	28.53068542480469	172565	28.53068542480469	141994	28.6181755065918	104260	28.72281265258789	131665	28.72281265258789	154759	28.74021530151367	72279	28.77499008178711	24017	28.82707023620605	232841	28.82707023620605	128569	28.84440994262695	159120	28.87905883789062	129753	28.89636611938477	227328	28.89636611938477	263403	28.89636611938477	
161956	26.85144233703613	213596	26.96293830871582	194517	27.18455505371094	124323	27.23967742919922	237393	27.27636337280273	172466	27.3129997253418	179341	27.3129997253418	158346	27.33130073547363	17536	27.34958839416504	120201	27.34958839416504	256871	27.36786460876465	178053	27.38612747192383	119291	27.40437889099121	60333	27.45906066894531	185330	27.51363372802734	226314	27.51363372802734	243993	27.51363372802734	262948	27.53179931640625	242631	27.54995536804199	38090	27.5680980682373	
230408	25.86503410339355	165766	26.64582443237305	66288	27.01851272583008	257469	27.01851272583008	176166	27.14774322509766	35750	27.1661548614502	71461	27.18455505371094	131159	27.20294189453125	232843	27.34958839416504	72804	27.38612747192383	200059	27.38612747192383	18275	27.40437889099121	197590	27.4226188659668	213343	27.4226188659668	245662	27.45906066894531	67289	27.49545478820801	248504	27.49545478820801	258396	27.49545478820801	217659	27.53179931640625	267872	27.53179931640625	
76862	22.91287803649902	95450	24.10394096374512	155941	24.10394096374512	51220	24.16609191894531	74621	24.20743751525879	20333	24.22808265686035	256700	24.26932144165039	10086	24.28991508483887	9925	24.33105087280273	31792	24.37211608886719	126187	24.43358421325684	21690	24.45403861999512	54860	24.49489784240723	243629	24.55605888366699	84904	24.57641220092773	207231	24.57641220092773	82811	24.61706733703613	181945	24.63736915588379	159490	24.65765571594238	146303	24.75883674621582	
44545	34.75629425048828	37665	35.04283142089844	245270	35.59494400024414	184484	35.67912673950195	190780	35.7770881652832	147820	36	123841	36.24913787841797	114657	36.27671432495117	99297	36.40055084228516	24803	36.51027297973633	239628	36.55133438110352	83590	36.59235000610352	77198	36.60601043701172	13524	36.61966705322266	148831	36.61966705322266	190272	36.64696502685547	71370	36.67424011230469	31435	36.72873687744141	185165	36.75595092773438	64515	36.76955413818359	
211689	37.2155876159668	212332	37.38983917236328	209034	37.49666595458984	171876	37.5233268737793	51362	37.60319137573242	129818	37.77565383911133	202365	37.78888702392578	131617	37.90778350830078	111038	37.96050643920898	4879	38.01315689086914	142844	38.01315689086914	154180	38.01315689086914	186267	38.09199523925781	202549	38.10511779785156	96942	38.13135147094727	227894	38.13135147094727	257982	38.13135147094727	71410	38.18376541137695	120292	38.18376541137695	195731	38.18376541137695	
112761	24	240371	24.31049156188965	195306	24.61706733703613	178192	24.65765571594238	254129	24.67792510986328	213956	24.71841430664062	105810	24.73863410949707	47686	24.77902412414551	254205	24.77902412414551	18034	24.7991943359375	266186	24.7991943359375	69680	24.85960578918457	116699	24.85960578918457	134596	24.85960578918457	83825	24.93992805480957	98019	24.93992805480957	235076	24.95996856689453	18253	24.9799919128418	244185	24.9799919128418	252991	24.9799919128418	
237741	27.67670440673828	181491	28	182062	28	22900	28.03569221496582	32144	28.05352020263672	63174	28.07133674621582	110206	28.08914375305176	247335	28.12472152709961	19055	28.16025543212891	139384	28.16025543212891	157786	28.17800521850586	70016	28.19574356079102	176311	28.19574356079102	38589	28.23118782043457	39618	28.28427124023438	79307	28.28427124023438	143886	28.28427124023438	105136	28.30194282531738	160189	28.30194282531738	100560	28.33725547790527	
254013	24.02082443237305	90979	24.37211608886719	266923	24.45403861999512	26904	24.53568840026855	165535	24.65765571594238	239495	24.83948516845703	92912	25.05992889404297	9176	25.13961029052734	376	25.17935752868652	224724	25.23885917663574	123446	25.2586612701416	222952	25.27845001220703	111322	25.35744476318359	95708	25.41653060913086	221927	25.43619537353516	188836	25.45584487915039	5556	25.51470184326172	85925	25.5342903137207	229334	25.5342903137207	137584	25.59296798706055	
206630	28.6879768371582	57329	28.82707023620605	199898	29.05167770385742	250657	29.17190361022949	92477	29.18903923034668	88485	29.24038314819336	128324	29.32575607299805	131456	29.42787742614746	206833	29.47880554199219	92677	29.71531677246094	105180	29.7657527923584	45911	29.78254508972168	223899	29.79932975769043	235625	29.81610298156738	101670	29.84962272644043	188127	29.89983367919922	57441	29.93325996398926	84147	29.93325996398926	85090	29.93325996398926	116557	29.94995880126953	
80119	32.84813690185547	232789	33.0151481628418	226663	33.1662483215332	119440	33.2866325378418	166053	33.39161682128906	124966	33.63034439086914	26817	33.64520645141602	122959	33.77869033813477	210132	33.77869033813477	111638	33.80828475952148	189798	33.80828475952148	88884	33.82307052612305	53021	33.9263916015625	97374	33.98529052734375	24262	34.05877304077148	102543	34.13209533691406	186524	34.13209533691406	87734	34.16138076782227	86907	34.1760139465332	30366	34.20526123046875	
222886	26.87005805969238	186474	27.51363372802734	261711	27.64055061340332	201532	27.73084831237793	139557	27.76688766479492	121090	27.82085609436035	77126	27.83882141113281	221070	27.83882141113281	49711	27.91057205200195	205587	27.91057205200195	194460	27.98213768005371	172995	28.01785087585449	264185	28.03569221496582	168242	28.05352020263672	210067	28.05352020263672	132903	28.08914375305176	150619	28.08914375305176	247502	28.1069393157959	7374	28.12472152709961	32027	28.12472152709961	
175273	32.46536636352539	31485	32.87856292724609	158683	32.95451354980469	186338	32.95451354980469	148690	32.98484420776367	191889	33.10589218139648	50524	33.19638442993164	124150	33.21144485473633	215772	33.22649383544922	44875	33.30165100097656	34225	33.34666442871094	102164	33.36165618896484	64484	33.39161682128906	192927	33.39161682128906	135795	33.40658569335938	87646	33.42155075073242	204994	33.43650817871094	123434	33.46640014648438	226212	33.49626922607422	173173	33.51119232177734	
215503	24.28991508483887	201455	24.73863410949707	235895	24.93992805480957	115546	25	8383	25.03996849060059	223845	25.03996849060059	98858	25.07987213134766	212640	25.07987213134766	157214	25.09980010986328	108184	25.17935752868652	26428	25.23885917663574	153251	25.23885917663574	213956	25.23885917663574	152653	25.27845001220703	178962	25.27845001220703	254205	25.29822158813477	222963	25.35744476318359	113252	25.3968505859375	125491	25.41653060913086	9851	25.43619537353516	
255042	26.57065963745117	129796	27.07397270202637	88572	27.18455505371094	26168	27.23967742919922	30796	27.49545478820801	8992	27.53179931640625	208384	27.58622932434082	58229	27.60434722900391	231053	27.60434722900391	197014	27.6224536895752	48666	27.73084831237793	132811	27.73084831237793	127062	27.74887466430664	252635	27.76688766479492	43586	27.83882141113281	105289	27.83882141113281	134289	27.83882141113281	133553	27.87471961975098	199268	27.89265060424805	85518	27.94637680053711	
240022	33.94112396240234	231080	34.82814788818359	241840	35.42597961425781	88643	35.76311111450195	68297	36.01388549804688	150106	36.13862228393555	157679	36.2353401184082	81691	36.2629280090332	64204	36.31803894042969	59689	36.34556198120117	243655	36.35931777954102	60964	36.37306594848633	149616	36.40055084228516	20651	36.42801284790039	41423	36.42801284790039	18763	36.48287200927734	139387	36.51027297973633	59522	36.55133438110352	251005	36.55133438110352	195409	36.59235000610352	
246039	26.88865852355957	49739	27	56052	27.18455505371094	112684	27.20294189453125	109269	27.22131538391113	182900	27.22131538391113	41575	27.25802612304688	62610	27.27636337280273	116235	27.27636337280273	2519	27.34958839416504	112145	27.36786460876465	94542	27.4226188659668	167044	27.4226188659668	244748	27.4226188659668	152670	27.44084548950195	26375	27.45906066894531	160605	27.45906066894531	105978	27.47726249694824	112079	27.49545478820801	185144	27.49545478820801	
148675	51.28352737426758	176016	54.3231086730957	21222	54.59853363037109	128944	55	156037	55.1180534362793	85402	55.226806640625	266564	55.59676361083984	158439	56.05354690551758	65692	56.35601043701172	208210	56.5773811340332	193203	56.78908157348633	194298	56.79788589477539	121606	57.21014022827148	267396	57.26255416870117	117113	57.28001403808594	7133	57.34108352661133	24510	57.44562530517578	64277	57.50652313232422	212421	57.52390670776367	192739	57.56735229492188	
17443	27.60434722900391	175435	27.69476509094238	205171	28.01785087585449	130303	28.17800521850586	263639	28.17800521850586	749	28.28427124023438	240277	28.28427124023438	15705	28.33725547790527	65686	28.33725547790527	75815	28.37252235412598	11627	28.40774536132812	139199	28.40774536132812	157514	28.40774536132812	195225	28.40774536132812	95734	28.42534065246582	206015	28.49561309814453	26706	28.63564300537109	266272	28.65309715270996	174636	28.6879768371582	248934	28.6879768371582	
254901	26.47640419006348	179149	26.57065963745117	95909	26.90724754333496	92620	26.96293830871582	74579	27.11088371276855	193253	27.11088371276855	108450	27.18455505371094	240574	27.22131538391113	186520	27.23967742919922	113665	27.29468727111816	183782	27.29468727111816	198386	27.29468727111816	217011	27.3129997253418	191929	27.33130073547363	223385	27.36786460876465	264931	27.40437889099121	136286	27.45906066894531	241052	27.45906066894531	53589	27.47726249694824	117386	27.47726249694824	
71664	29.13760375976562	79220	29.24038314819336	247937	29.35983657836914	196469	29.51270866394043	114764	29.54657363891602	207892	29.56349182128906	86870	29.61418533325195	223009	29.69848442077637	186474	29.74894905090332	202636	29.74894905090332	212318	29.7657527923584	13179	29.8328685760498	32540	29.84962272644043	203652	29.84962272644043	6479	29.89983367919922	30171	29.89983367919922	109235	29.89983367919922	156679	29.89983367919922	125438	29.93325996398926	157717	29.93325996398926	
95939	28.19574356079102	100718	28.86174011230469	105323	29.06888389587402	266492	29.10326385498047	57326	29.42787742614746	170562	29.46183967590332	67541	29.49576187133789	77077	29.54657363891602	11347	29.58039855957031	73280	29.58039855957031	116677	29.59729766845703	242048	29.59729766845703	259104	29.59729766845703	90584	29.63106536865234	842	29.68164443969727	42451	29.71531677246094	15877	29.78254508972168	139489	29.79932975769043	224303	29.79932975769043	195341	29.8328685760498	
58037	21.02379608154297	221299	21.04756546020508	86201	21.07130813598633	91592	21.07130813598633	3709	21.09502220153809	266618	21.09502220153809	153830	21.11871147155762	6335	21.14237403869629	66306	21.1660099029541	175462	21.1660099029541	79412	21.18962097167969	194859	21.18962097167969	39373	21.23676109313965	136520	21.26029205322266	183743	21.26029205322266	197457	21.26029205322266	76932	21.2837963104248	155653	21.2837963104248	157214	21.30727577209473	23928	21.33072853088379	
166521	31.38471031188965	22103	32.124755859375	181541	32.124755859375	95373	32.24903106689453	129948	32.48076248168945	84034	32.49615478515625	75752	32.52691268920898	102574	32.55764007568359	72476	32.60367965698242	130476	32.81767654418945	29099	32.83290863037109	159000	32.83290863037109	4190	32.87856292724609	46617	32.87856292724609	248738	32.89376831054688	185595	32.92415618896484	176047	33	58020	33.0151481628418	69692	33.0151481628418	98556	33.0151481628418	
90560	26.96293830871582	264477	26.96293830871582	162863	27.03701210021973	258263	27.05549812316895	252976	27.33130073547363	244866	27.47726249694824	162158	27.53179931640625	80088	27.65863418579102	244654	27.65863418579102	247240	27.73084831237793	195727	27.82085609436035	103127	27.91057205200195	233589	27.94637680053711	14460	27.96426200866699	169962	28	20262	28.01785087585449	126065	28.1069393157959	91529	28.12472152709961	58774	28.16025543212891	33734	28.17800521850586	
127180	32.93933868408203	139029	33.18132019042969	251451	33.60059356689453	70822	33.71942901611328	204930	33.77869033813477	40965	33.80828475952148	185967	33.83784866333008	152966	33.88214874267578	259740	33.88214874267578	131824	33.91165161132812	58104	33.9263916015625	83309	33.9263916015625	30572	33.94112396240234	81710	33.95585250854492	163882	33.98529052734375	223213	34.01470184326172	170406	34.05877304077148	258458	34.05877304077148	56390	34.07344818115234	70264	34.07344818115234	
117786	34.58323287963867	145866	35.90264511108398	222284	35.98610687255859	49293	36.9052848815918	12340	37.01351165771484	206148	37.09447479248047	93015	37.4032096862793	214903	37.6961555480957	229676	37.90778350830078	42152	38.05259704589844	159051	38.13135147094727	20493	38.50973892211914	191332	38.54867172241211	16168	38.69108581542969	188107	38.70400619506836	129167	38.84584808349609	182920	39.08964157104492	182186	39.20458984375	40172	39.25557327270508	157318	39.25557327270508	
227703	31.46426582336426	214503	31.54362106323242	234995	31.54362106323242	210896	31.81194686889648	227885	31.85906410217285	238956	31.85906410217285	118676	31.95309066772461	89523	32.10918807983398	196009	32.14031600952148	215207	32.26453018188477	142358	32.31098937988281	65755	32.32645797729492	111462	32.32645797729492	173677	32.32645797729492	130842	32.35737991333008	212151	32.37282943725586	221843	32.40370178222656	188157	32.41912841796875	233527	32.4499626159668	78092	32.48076248168945	
160262	27.64055061340332	254414	27.67670440673828	174080	27.71281242370605	121947	27.82085609436035	253032	27.92848014831543	111936	27.96426200866699	139416	27.98213768005371	41863	28.01785087585449	180391	28.01785087585449	105289	28.08914375305176	80937	28.14249420166016	51640	28.17800521850586	54054	28.17800521850586	161526	28.17800521850586	187089	28.17800521850586	35330	28.24889373779297	168900	28.26658821105957	149336	28.28427124023438	91911	28.31960487365723	262517	28.31960487365723	
259484	18.81488800048828	31721	19.36491584777832	31248	20.39607810974121	127462	20.54263877868652	203696	20.88061332702637	146997	20.9284496307373	256871	20.9284496307373	65453	21	194517	21.02379608154297	244674	21.02379608154297	215099	21.07130813598633	610	21.09502220153809	216743	21.11871147155762	213449	21.1660099029541	216452	21.21320343017578	102810	21.44761085510254	102715	21.51743507385254	78269	21.61018371582031	57568	21.63330841064453	86070	21.63330841064453	
233720	20.4939022064209	241877	20.54263877868652	266198	20.54263877868652	233049	20.59126091003418	64340	20.73644065856934	193987	20.78460884094238	117751	20.80865287780762	111452	20.85665321350098	135324	20.88061332702637	127497	20.9284496307373	188817	20.9284496307373	2325	20.95232772827148	37477	20.95232772827148	18369	20.97617721557617	233228	20.97617721557617	27737	21	65522	21	8065	21.02379608154297	68890	21.02379608154297	238380	21.02379608154297	
98616	30.8544979095459	168646	31.09662437438965	185306	31.48015213012695	17216	31.51190185546875	189364	31.5753059387207	27612	31.59113883972168	140677	31.59113883972168	176724	31.60696220397949	58098	31.65438270568848	195279	31.68595886230469	124289	31.73326301574707	224823	31.78049659729004	236390	31.81194686889648	6509	31.87475395202637	23903	31.90611267089844	64208	31.95309066772461	200153	32	102764	32.03123474121094	103818	32.04684066772461	172601	32.07802963256836	
245025	21.33072853088379	232670	21.61018371582031	39583	21.63330841064453	111853	21.77154159545898	112737	21.81742477416992	239855	21.81742477416992	202710	21.86321067810059	120551	21.90890312194824	223948	21.93171310424805	81644	22	187012	22	253570	22	187726	22.04540824890137	38396	22.06807708740234	44228	22.06807708740234	56495	22.06807708740234	158236	22.09072113037109	166024	22.09072113037109	201083	22.13594436645508	133460	22.15851974487305	
83716	23.66431999206543	53917	23.89560699462891	124333	23.97915840148926	183766	23.97915840148926	92620	24.02082443237305	154639	24.02082443237305	13336	24.12467575073242	168928	24.1867733001709	209218	24.1867733001709	19670	24.20743751525879	137996	24.22808265686035	18941	24.26932144165039	258772	24.26932144165039	77286	24.28991508483887	254090	24.28991508483887	191904	24.33105087280273	245292	24.39262199401855	52097	24.41311073303223	28064	24.4744758605957	134213	24.4744758605957	
3376	26.49528312683105	33504	27.18455505371094	256700	27.22131538391113	95450	27.36786460876465	25032	27.53179931640625	25882	27.64055061340332	147819	27.69476509094238	46686	27.73084831237793	69582	27.76688766479492	150485	27.85677719116211	160602	27.87471961975098	51077	27.89265060424805	236719	28	171843	28.01785087585449	31792	28.03569221496582	174064	28.03569221496582	108964	28.05352020263672	70202	28.07133674621582	122284	28.07133674621582	164827	28.17800521850586	
59259	29.03446197509766	23042	29.30870246887207	74948	29.49576187133789	173264	29.78254508972168	159718	30.03331565856934	3929	30.13303756713867	84032	30.13303756713867	130789	30.29851531982422	185079	30.34798240661621	108133	30.49590110778809	200050	30.6104564666748	206674	30.64310646057129	66815	30.69201850891113	194778	30.70830535888672	224335	30.77336502075195	233185	30.77336502075195	264464	30.77336502075195	58316	30.78960800170898	80655	30.78960800170898	206440	30.78960800170898	
75846	33.0756721496582	187948	33.12099075317383	90976	33.21144485473633	100488	33.21144485473633	80700	33.42155075073242	92580	33.43650817871094	48607	33.48133850097656	215515	33.49626922607422	58895	33.51119232177734	29930	33.60059356689453	221371	33.70459747314453	264950	33.70459747314453	144874	33.73425674438477	205748	33.73425674438477	133048	33.74907302856445	63763	33.77869033813477	221545	33.77869033813477	259262	33.77869033813477	202939	33.80828475952148	120830	33.91165161132812	
135601	37.08099365234375	215064	37.61648559570312	104723	38.26225280761719	21533	38.30143737792969	190267	38.44476699829102	65057	38.45776748657227	47884	38.7685432434082	171956	38.7685432434082	239963	38.7685432434082	193522	38.79433059692383	7217	38.80721664428711	210606	38.80721664428711	250242	38.82009887695312	155143	38.89730072021484	257093	38.89730072021484	217458	38.92300033569336	32295	38.93584442138672	97750	38.93584442138672	14830	38.97434997558594	96632	38.97434997558594	
16656	20.34699058532715	255239	20.34699058532715	13392	20.63976669311523	111351	20.66397857666016	131346	20.80865287780762	251536	20.83266639709473	265633	20.83266639709473	141857	20.90454483032227	250825	20.95232772827148	232620	21.02379608154297	134596	21.11871147155762	151462	21.11871147155762	94437	21.14237403869629	67889	21.1660099029541	172801	21.1660099029541	37395	21.18962097167969	12208	21.21320343017578	30062	21.21320343017578	253517	21.21320343017578	41348	21.23676109313965	
115245	23.04343795776367	18136	23.10844039916992	36841	23.19482612609863	245272	23.28089332580566	13365	23.38803100585938	137965	23.49468040466309	55635	23.55843734741211	74634	23.72762107849121	42524	23.74868392944336	109852	23.7907543182373	107873	23.83275032043457	242364	23.87467193603516	8948	23.9165210723877	220044	23.93741798400879	232918	24.02082443237305	87106	24.08318901062012	92442	24.08318901062012	237740	24.08318901062012	158931	24.10394096374512	216443	24.22808265686035	
26747	26.94438743591309	1925	27.4226188659668	233894	27.47726249694824	179159	27.49545478820801	130789	27.58622932434082	132216	27.71281242370605	182473	27.76688766479492	234499	27.80287742614746	213625	27.82085609436035	221929	27.82085609436035	106081	27.89265060424805	237814	27.89265060424805	164470	27.94637680053711	118579	27.98213768005371	259680	28.03569221496582	105510	28.05352020263672	139385	28.05352020263672	19782	28.07133674621582	97458	28.07133674621582	184488	28.07133674621582	
261507	24.57641220092773	253431	24.61706733703613	264971	24.77902412414551	71562	24.87971115112305	203155	24.91987228393555	245025	24.93992805480957	116626	25.11971282958984	130749	25.11971282958984	120670	25.15949058532715	27840	25.17935752868652	147054	25.17935752868652	37336	25.21903991699219	185542	25.21903991699219	3871	25.27845001220703	115761	25.33771896362305	197682	25.33771896362305	18285	25.35744476318359	127266	25.35744476318359	264430	25.35744476318359	211438	25.37715530395508	
241848	29.74894905090332	195779	30.2324333190918	154768	30.65942001342773	194778	30.72458267211914	44784	30.78960800170898	206238	30.8544979095459	80194	30.87069892883301	220758	30.88689041137695	227936	30.90307426452637	177902	30.93541717529297	142110	30.96772575378418	264464	30.98386764526367	79565	31.11269760131836	156138	31.11269760131836	7452	31.12876510620117	79717	31.12876510620117	264012	31.14482307434082	261260	31.17691421508789	410	31.19294738769531	112855	31.2089729309082	
268038	15.1986837387085	60098	16.40122032165527	3363	16.55294609069824	81039	16.67333221435547	157407	16.88194274902344	113805	17	260624	17.11724281311035	98086	17.40689468383789	184800	17.43559646606445	59578	17.49285507202148	204206	17.63519287109375	120193	17.66352081298828	213214	17.69180679321289	1530	17.77638816833496	193795	17.8885440826416	41881	17.97220039367676	226210	18.16590118408203	195682	18.35755920410156	16679	18.43908882141113	256042	18.60107612609863	
94	40.96339797973633	75958	46.62617111206055	85167	46.97871780395508	148961	47.21228790283203	161375	51.09794616699219	239696	52.20153427124023	36720	52.54521942138672	215249	53.00943374633789	176535	53.86093139648438	219022	54.42425918579102	204082	54.58937454223633	2079	54.963623046875	203508	55.43464660644531	8953	56.37375259399414	94192	56.45352172851562	55180	57.24508666992188	182392	57.28874206542969	18028	57.33236312866211	90365	57.84461975097656	198791	58.37807846069336	
92795	26.03843307495117	231414	26.26785087585449	241235	26.79552268981934	106846	26.87005805969238	100961	26.90724754333496	54744	27.01851272583008	102373	27.09243392944336	189793	27.14774322509766	12776	27.18455505371094	16326	27.18455505371094	249680	27.20294189453125	180170	27.22131538391113	131777	27.23967742919922	154825	27.23967742919922	204246	27.29468727111816	68548	27.3129997253418	170391	27.3129997253418	173192	27.33130073547363	208416	27.33130073547363	56960	27.34958839416504	
192217	27.45906066894531	220264	27.65863418579102	120401	27.69476509094238	140241	27.71281242370605	70463	27.73084831237793	105738	27.73084831237793	262617	27.73084831237793	140054	27.78488731384277	215531	27.78488731384277	54014	27.83882141113281	185896	27.87471961975098	223216	27.92848014831543	148406	27.96426200866699	201255	27.96426200866699	266967	27.96426200866699	33248	27.98213768005371	201079	27.98213768005371	176579	28.01785087585449	173216	28.03569221496582	209933	28.05352020263672	
242043	32.66496658325195	170958	32.90896606445312	33681	32.93933868408203	250063	33.12099075317383	141984	33.13608169555664	107984	33.15116882324219	261735	33.22649383544922	256815	33.25657653808594	180949	33.3316650390625	141130	33.34666442871094	253237	33.34666442871094	236550	33.36165618896484	252083	33.36165618896484	249933	33.39161682128906	30326	33.43650817871094	143784	33.46640014648438	191652	33.48133850097656	175404	33.49626922607422	108939	33.51119232177734	155296	33.51119232177734	
199175	29.03446197509766	73834	29.81610298156738	142281	30.13303756713867	60113	30.24896621704102	151039	30.5286750793457	261389	30.77336502075195	210914	30.78960800170898	253780	31.04834938049316	47848	31.06444931030273	234011	31.11269760131836	181568	31.2089729309082	159001	31.25699996948242	13624	31.41655540466309	156300	31.51190185546875	197306	31.5753059387207	247120	31.62277603149414	116036	31.67017555236816	42977	31.70173454284668	155736	31.71750259399414	113194	31.81194686889648	
79610	39.21734237670898	262783	39.98749923706055	209615	40.52159881591797	118125	40.533935546875	228105	40.54626846313477	241649	40.62019348144531	129536	40.8166618347168	76383	41.08527755737305	111428	41.08527755737305	95229	41.1096076965332	145588	41.15822982788086	100312	41.20679473876953	76461	41.21892929077148	177713	41.24318313598633	246389	41.26742172241211	189335	41.29164505004883	136230	41.34005355834961	39173	41.37631988525391	141585	41.37631988525391	212267	41.43669891357422	
222203	31.22499084472656	40842	32.17141723632812	46505	32.32645797729492	187709	32.38827133178711	50098	32.90896606445312	74045	32.98484420776367	189014	33.06055068969727	88171	33.0756721496582	139806	33.09078598022461	133518	33.15116882324219	223593	33.3316650390625	190921	33.49626922607422	252522	33.49626922607422	215981	33.51119232177734	135401	33.55592346191406	26138	33.57081985473633	38131	33.61547088623047	166099	33.64520645141602	164827	33.68976211547852	181592	33.68976211547852	
148300	40.39801788330078	185088	41.53311920166016	70924	41.95235443115234	238388	42.23742294311523	122862	42.26109313964844	147710	42.29657363891602	211210	42.29657363891602	73837	42.36743927001953	150091	42.40282821655273	83626	42.41461944580078	198059	42.41461944580078	47772	42.42640686035156	109941	42.44997024536133	266494	42.50882339477539	67961	42.52058410644531	230526	42.60281753540039	63086	42.64973449707031	80621	42.67317581176758	211347	42.68489074707031	153954	42.69660568237305	
162864	38.32753753662109	174198	38.93584442138672	7793	39	159986	39.02563095092773	51557	39.1024284362793	182960	39.29376602172852	36009	39.30648803710938	135345	39.47150802612305	171528	39.57271957397461	175621	39.82461547851562	159400	39.8873405456543	193038	40.04996871948242	74341	40.16217041015625	140723	40.26164245605469	241482	40.36087036132812	76784	40.39801788330078	130179	40.42276763916016	60640	40.4474983215332	214501	40.45985794067383	4290	40.48456573486328	
15719	21.51743507385254	121144	21.86321067810059	28625	21.97726058959961	164823	22.04540824890137	127497	22.06807708740234	145173	22.06807708740234	266956	22.11334419250488	64743	22.18107223510742	121765	22.18107223510742	190000	22.20360374450684	211994	22.24859619140625	259352	22.27105712890625	131592	22.29349708557129	55196	22.31591415405273	83354	22.31591415405273	224159	22.31591415405273	208229	22.33830833435059	131860	22.36067962646484	48049	22.38302993774414	79766	22.38302993774414	
261756	29.98332786560059	243756	30.33150100708008	16342	30.36445236206055	137789	30.46309280395508	236110	30.46309280395508	100470	30.47950172424316	26747	30.5614128112793	45155	30.6104564666748	57112	30.70830535888672	55615	30.8544979095459	105329	30.87069892883301	174526	30.91925048828125	119876	30.95157432556152	44202	30.96772575378418	264315	30.96772575378418	48569	30.98386764526367	53161	31.03224182128906	150316	31.04834938049316	218653	31.04834938049316	138323	31.08053970336914	
69534	31.5753059387207	199836	31.59113883972168	43187	31.70173454284668	238193	31.73326301574707	262140	31.73326301574707	232562	31.74901580810547	234594	31.82766151428223	93047	31.92177963256836	235050	32.01562118530273	175767	32.124755859375	244610	32.124755859375	71476	32.14031600952148	254570	32.20248413085938	109169	32.32645797729492	255516	32.32645797729492	97617	32.34192276000977	232123	32.35737991333008	133675	32.37282943725586	137554	32.37282943725586	6320	32.38827133178711	
39741	37.02701568603516	250571	37.1887092590332	73510	37.20215225219727	7167	37.29611206054688	119804	37.30951690673828	73606	37.4032096862793	126293	37.5099983215332	23555	37.5233268737793	228733	37.54996490478516	121601	37.57658767700195	211918	37.60319137573242	57898	37.61648559570312	6412	37.68288803100586	1423	37.6961555480957	47284	37.70941543579102	113938	37.74917221069336	3476	37.76241683959961	239056	37.76241683959961	203954	37.77565383911133	211405	37.80211639404297	
205566	24.1867733001709	237623	24.69817733764648	170691	24.7991943359375	72609	24.95996856689453	94426	25	134081	25.05992889404297	115245	25.11971282958984	32335	25.35744476318359	143562	25.35744476318359	97579	25.41653060913086	133348	25.45584487915039	92412	25.51470184326172	198722	25.51470184326172	235554	25.51470184326172	9935	25.5342903137207	25882	25.5342903137207	62657	25.5342903137207	229405	25.5342903137207	33153	25.57342338562012	232164	25.57342338562012	
145341	31	165061	31.08053970336914	171799	31.28897476196289	241622	31.32091903686523	27662	31.41655540466309	37579	31.41655540466309	227994	31.4483699798584	159515	31.46426582336426	229591	31.46426582336426	121734	31.51190185546875	255600	31.51190185546875	14085	31.52776527404785	209618	31.52776527404785	253815	31.52776527404785	132958	31.5753059387207	43632	31.59113883972168	238016	31.59113883972168	86447	31.60696220397949	234106	31.60696220397949	64383	31.63858413696289	
138887	26.28687858581543	167553	29.94995880126953	189858	30.87069892883301	111294	31.06444931030273	171518	31.17691421508789	251496	31.33687973022461	10199	31.4483699798584	59280	31.49603080749512	45649	31.63858413696289	119557	31.8433666229248	103565	31.87475395202637	239234	32.124755859375	26461	32.23352432250977	48473	32.23352432250977	116137	32.24903106689453	60414	32.28002548217773	161437	32.38827133178711	187521	32.38827133178711	261279	32.38827133178711	75210	32.41912841796875	
131607	75.82875823974609	95689	94.96315002441406	140819	97.43202972412109	141483	97.61147308349609	137036	98.74715423583984	119773	99.78977966308594	232879	104.0624847412109	245950	104.6565780639648	260836	105.3280563354492	238561	105.9008941650391	235104	106.0848693847656	28646	108.3005065917969	17420	109	230304	109.6448822021484	65202	110.2361068725586	67205	110.3131942749023	14825	110.4898147583008	237829	111.0135116577148	32850	113.0221252441406	255946	113.4944915771484	
226788	34.45286560058594	105512	34.84250259399414	91720	34.89985656738281	240137	35.1710090637207	35671	35.2703857421875	70512	35.29872512817383	215001	35.41186141967773	213579	35.44009017944336	262815	35.52463912963867	76126	35.63705825805664	190420	35.73513793945312	12607	35.76311111450195	63249	35.91656875610352	147967	35.94440078735352	164296	36.01388549804688	12604	36.04164123535156	172470	36.08323669433594	12586	36.09709167480469	135679	36.18010330200195	224880	36.18010330200195	
237242	24.67792510986328	221940	24.83948516845703	119493	25.67099571228027	52555	25.70992088317871	209336	25.74878692626953	97976	25.88435745239258	240465	25.90366744995117	182310	25.96150970458984	78543	26.01922416687012	153146	26.13426780700684	214896	26.13426780700684	251580	26.13426780700684	108512	26.15339279174805	222494	26.21068572998047	255671	26.21068572998047	228180	26.2297534942627	34992	26.24880981445312	235411	26.28687858581543	125027	26.34387969970703	220835	26.34387969970703	
71539	25.41653060913086	107879	25.5342903137207	118245	25.70992088317871	220835	25.88435745239258	127463	25.90366744995117	240661	25.9229621887207	13238	25.9422435760498	151755	25.9422435760498	158924	25.9422435760498	239292	25.9422435760498	217150	26	115245	26.03843307495117	215531	26.0576286315918	219632	26.13426780700684	120287	26.15339279174805	145834	26.15339279174805	229657	26.15339279174805	73019	26.17250442504883	137996	26.17250442504883	216964	26.17250442504883	
249656	22.75961303710938	24335	23.10844039916992	244998	23.51595115661621	173584	23.62202453613281	248267	23.62202453613281	63753	23.72762107849121	21414	23.74868392944336	21479	23.85372161865234	189827	23.85372161865234	262667	23.89560699462891	239060	24.04162979125977	243288	24.08318901062012	167269	24.14539337158203	63170	24.1867733001709	7299	24.22808265686035	103093	24.24871063232422	188524	24.33105087280273	158853	24.41311073303223	249619	24.41311073303223	160053	24.45403861999512	
232841	28.33725547790527	83472	28.39013862609863	60205	28.58321189880371	107319	28.82707023620605	59384	28.91366386413574	251650	28.91366386413574	12551	28.93095207214355	154759	28.94822883605957	5980	29.08607864379883	72535	29.20616340637207	9880	29.25747680664062	5710	29.32575607299805	182161	29.35983657836914	89328	29.37686157226562	114707	29.42787742614746	188655	29.42787742614746	107254	29.47880554199219	119101	29.54657363891602	171455	29.54657363891602	147559	29.56349182128906	
78398	24.31049156188965	227963	24.59674835205078	45264	24.8193473815918	101554	24.89979934692383	181647	24.95996856689453	229169	25.03996849060059	132716	25.07987213134766	11915	25.23885917663574	40890	25.31797790527344	35926	25.33771896362305	132358	25.33771896362305	179910	25.41653060913086	26706	25.45584487915039	84066	25.47547912597656	143296	25.49509811401367	217677	25.51470184326172	96986	25.5342903137207	146571	25.55386543273926	51316	25.67099571228027	251367	25.67099571228027	
195019	24.22808265686035	260154	24.43358421325684	213652	24.57641220092773	18034	24.65765571594238	132630	24.71841430664062	223446	24.73863410949707	165424	24.7991943359375	27319	24.8193473815918	251642	24.8193473815918	218297	24.83948516845703	157444	24.85960578918457	191383	24.85960578918457	266186	24.85960578918457	261719	24.91987228393555	12224	24.95996856689453	61555	24.95996856689453	105635	24.95996856689453	146716	24.95996856689453	268322	25	98019	25.03996849060059	
17058	32.93933868408203	233984	33.10589218139648	186744	33.19638442993164	268042	33.25657653808594	184669	33.27161026000977	207815	33.34666442871094	236878	33.34666442871094	77141	33.37664031982422	240104	33.39161682128906	221986	33.40658569335938	159688	33.43650817871094	72909	33.45145797729492	106499	33.45145797729492	168565	33.46640014648438	41927	33.48133850097656	6792	33.51119232177734	127131	33.51119232177734	59619	33.54101943969727	23187	33.55592346191406	20669	33.57081985473633	
102404	25.70992088317871	13230	25.98076248168945	53573	26.77685546875	68802	27.14774322509766	256354	27.23967742919922	256170	27.47726249694824	122900	27.5680980682373	75880	27.6224536895752	267576	27.6224536895752	71884	27.65863418579102	236996	27.67670440673828	61350	27.76688766479492	21904	27.80287742614746	7499	27.85677719116211	100945	27.89265060424805	234450	27.89265060424805	30055	27.98213768005371	132635	28.01785087585449	135272	28.14249420166016	247039	28.17800521850586	
231847	26.09597587585449	156516	26.28687858581543	89154	26.32489395141602	112079	26.43860816955566	206603	26.51414680480957	74479	26.53299903869629	91085	26.57065963745117	95986	26.60826873779297	77592	26.64582443237305	114331	26.64582443237305	159795	26.64582443237305	164243	26.64582443237305	251163	26.64582443237305	116686	26.66458320617676	160245	26.68332862854004	116086	26.70206069946289	20169	26.75817680358887	203143	26.75817680358887	133675	26.77685546875	184726	26.77685546875	
244046	29.32575607299805	168283	29.39387702941895	212970	29.44486427307129	177174	30.11643981933594	240560	30.18277740478516	128889	30.2324333190918	116433	30.31501197814941	163780	30.39736747741699	19514	30.44667434692383	10129	30.46309280395508	4721	30.49590110778809	35405	30.5777702331543	76720	30.64310646057129	268468	30.64310646057129	34336	30.65942001342773	52979	30.65942001342773	44201	30.74085235595703	19992	30.77336502075195	242376	30.80584335327148	157499	30.82206916809082	
211845	37.82855987548828	229350	39.98749923706055	10880	41.37631988525391	154313	41.59326934814453	76250	41.61730575561523	33866	41.83300018310547	77419	42.20189666748047	140976	42.32020950317383	155504	42.43819046020508	78122	42.55584716796875	50399	42.66145706176758	7867	42.7434196472168	238987	42.83689880371094	225095	42.88356399536133	120142	42.90687561035156	228175	42.91852569580078	123232	43.04648590087891	17296	43.06970977783203	20450	43.06970977783203	33048	43.26661682128906	
222699	31.16087341308594	206771	31.30495262145996	78	31.35283088684082	25552	31.35283088684082	265315	31.59113883972168	101947	31.65438270568848	181934	31.68595886230469	122919	31.70173454284668	149106	31.73326301574707	201313	31.74901580810547	207103	31.81194686889648	262368	31.93743896484375	90444	32.01562118530273	8022	32.04684066772461	100905	32.04684066772461	27032	32.15586853027344	197523	32.15586853027344	128094	32.18695449829102	242274	32.18695449829102	17119	32.2180061340332	
27133	25.47547912597656	130195	26.0576286315918	268532	26.07680892944336	237831	26.34387969970703	52141	26.4196891784668	243071	26.4575138092041	230957	26.53299903869629	161643	26.7394847869873	254740	26.81417465209961	226630	26.92582321166992	148006	27.12932014465332	181791	27.14774322509766	167567	27.18455505371094	226668	27.18455505371094	158610	27.29468727111816	132515	27.33130073547363	217760	27.34958839416504	174580	27.45906066894531	24094	27.49545478820801	231742	27.51363372802734	
140516	28.51315498352051	235728	28.51315498352051	182554	28.70540046691895	193414	28.74021530151367	90277	28.80972099304199	219702	28.82707023620605	80937	28.86174011230469	35459	28.94822883605957	122946	28.94822883605957	257090	28.98275375366211	13557	29.01723670959473	141649	29.01723670959473	4538	29.03446197509766	115076	29.03446197509766	203180	29.06888389587402	217901	29.08607864379883	213867	29.10326385498047	261688	29.10326385498047	17386	29.12043952941895	95394	29.12043952941895	
225914	31.04834938049316	52291	31.41655540466309	175736	31.4483699798584	205508	31.49603080749512	221495	31.49603080749512	147229	31.62277603149414	34382	31.68595886230469	23924	31.78049659729004	162684	31.78049659729004	251500	31.82766151428223	218227	31.8433666229248	232922	31.8433666229248	38367	31.85906410217285	156817	31.85906410217285	243017	31.89043807983398	189344	31.90611267089844	35524	31.96873474121094	220576	31.96873474121094	229370	31.96873474121094	11941	32	
142338	28.24889373779297	166250	28.49561309814453	52979	28.54820442199707	161177	28.63564300537109	203385	28.67054176330566	94426	28.74021530151367	7662	28.75760841369629	76944	28.86174011230469	126325	28.86174011230469	3970	28.87905883789062	49798	28.87905883789062	36633	28.89636611938477	89810	28.94822883605957	100716	29	150727	29	163525	29.03446197509766	229052	29.03446197509766	7194	29.06888389587402	77592	29.06888389587402	166637	29.06888389587402	
116973	35.31288528442383	266787	35.95830917358398	132509	36.56501007080078	129595	36.68787384033203	217813	37.1348876953125	73079	37.4032096862793	142571	37.44329071044922	147690	37.64305877685547	178145	37.72267150878906	28909	38.24918365478516	55847	38.30143737792969	3244	38.37968063354492	216820	38.40572738647461	1630	38.45776748657227	112770	38.50973892211914	183127	38.53569793701172	206546	38.56163787841797	217323	38.60051727294922	149735	38.84584808349609	135308	39	
165619	26.87005805969238	213652	26.90724754333496	161384	26.98147583007812	231258	27	230287	27.01851272583008	228656	27.09243392944336	217924	27.18455505371094	18180	27.20294189453125	87585	27.22131538391113	25007	27.27636337280273	87584	27.27636337280273	185800	27.27636337280273	229982	27.29468727111816	96529	27.33130073547363	28204	27.34958839416504	110416	27.36786460876465	168928	27.36786460876465	18134	27.38612747192383	22662	27.38612747192383	118515	27.4226188659668	
23503	34.01470184326172	182138	34.66987228393555	1067	34.85684967041016	238799	34.89985656738281	110452	34.92849731445312	58602	35.12833786010742	175527	35.12833786010742	196267	35.1425666809082	196527	35.2845573425293	229465	35.31288528442383	193953	35.35533905029297	90130	35.46829605102539	177681	35.51056289672852	255376	35.51056289672852	211497	35.52463912963867	77289	35.53871154785156	13017	35.55277633666992	217730	35.55277633666992	17647	35.59494400024414	82761	35.62302780151367	
83378	29.2232780456543	138331	29.58039855957031	146670	29.78254508972168	130084	29.84962272644043	112684	29.91654968261719	51555	29.94995880126953	212859	29.94995880126953	166089	29.96664810180664	254129	30.01666259765625	26747	30.03331565856934	143631	30.04995918273926	86856	30.06659317016602	120821	30.09983444213867	110459	30.13303756713867	97805	30.14962768554688	264948	30.14962768554688	218347	30.19933700561523	94195	30.21588897705078	232398	30.21588897705078	22765	30.2324333190918	
182596	25.19920539855957	129425	25.29822158813477	227668	25.29822158813477	99317	25.33771896362305	224825	25.5342903137207	110	25.59296798706055	64864	25.59296798706055	223498	25.61249732971191	52940	25.74878692626953	107725	25.78759384155273	26066	25.80697631835938	65231	25.84569549560547	95443	25.90366744995117	149423	25.9229621887207	223493	25.9422435760498	123190	25.98076248168945	43319	26	49830	26.0576286315918	175721	26.07680892944336	265480	26.07680892944336	
15448	29.27456283569336	75880	29.42787742614746	153102	29.46183967590332	95498	29.56349182128906	89499	29.58039855957031	263094	29.74894905090332	180382	29.84962272644043	204184	29.88310623168945	252364	29.89983367919922	251271	29.96664810180664	97621	30.03331565856934	173516	30.08321762084961	99841	30.09983444213867	231713	30.14962768554688	118268	30.19933700561523	193221	30.19933700561523	16872	30.24896621704102	93739	30.28200721740723	6379	30.29851531982422	101287	30.29851531982422	
50813	26.5894718170166	141984	27.03701210021973	194433	27.20294189453125	199398	27.22131538391113	12180	27.27636337280273	26308	27.38612747192383	258655	27.38612747192383	97084	27.44084548950195	149167	27.44084548950195	214516	27.47726249694824	119764	27.51363372802734	123302	27.65863418579102	205794	27.67670440673828	211645	27.76688766479492	23286	27.78488731384277	132958	27.78488731384277	246652	27.78488731384277	31585	27.87471961975098	160940	27.87471961975098	230181	27.89265060424805	
174595	17.97220039367676	90680	18.05546951293945	37428	18.11077117919922	143884	18.19340515136719	54330	18.73499488830566	135646	18.89444351196289	161361	19.07878494262695	35093	19.31320762634277	192854	19.54482078552246	72709	19.62141609191895	161005	19.62141609191895	224103	19.69771575927734	262119	19.77371978759766	186786	19.87460708618164	188158	19.87460708618164	235895	19.87460708618164	173938	19.89974784851074	146457	19.92485809326172	262527	19.94993782043457	151076	20.02498435974121	
26215	23.36664199829102	89711	24.37211608886719	87008	24.7991943359375	230298	24.7991943359375	44933	24.83948516845703	175344	24.89979934692383	61920	24.9799919128418	76337	25	74721	25.01999282836914	259983	25.01999282836914	71562	25.07987213134766	17004	25.11971282958984	19316	25.21903991699219	201356	25.23885917663574	238908	25.23885917663574	94178	25.27845001220703	238799	25.27845001220703	17647	25.29822158813477	18004	25.29822158813477	42542	25.31797790527344	
238692	22.31591415405273	249649	22.51666069030762	165857	22.78157234191895	120418	23.13006782531738	94923	23.19482612609863	138531	23.23789978027344	73091	23.25940704345703	258474	23.40939903259277	4921	23.45207786560059	261405	23.51595115661621	51144	23.72762107849121	53619	23.83275032043457	249010	23.83275032043457	15653	23.87467193603516	23455	23.9165210723877	22740	24	68524	24.04162979125977	238437	24.04162979125977	96862	24.10394096374512	162361	24.10394096374512	
73417	19.39072036743164	111351	19.44222259521484	250825	19.49358940124512	94437	19.64688301086426	96936	19.72308349609375	190867	19.77371978759766	141857	19.84943389892578	135305	19.92485809326172	251536	19.92485809326172	253517	19.97498512268066	83244	20.02498435974121	95089	20.0499382019043	16656	20.12461090087891	69100	20.12461090087891	131346	20.14944076538086	131545	20.14944076538086	141457	20.14944076538086	196022	20.14944076538086	13392	20.17424011230469	166024	20.17424011230469	
34454	22.89104652404785	53608	24.45403861999512	254012	24.95996856689453	104771	25.31797790527344	122626	25.31797790527344	173537	25.45584487915039	117693	25.70992088317871	227494	25.70992088317871	172312	26.03843307495117	38624	26.0576286315918	182055	26.13426780700684	71302	26.17250442504883	259297	26.26785087585449	37723	26.30589294433594	136674	26.43860816955566	185527	26.43860816955566	179521	26.4575138092041	152954	26.5894718170166	163130	26.7394847869873	245353	26.7394847869873	
2935	27.5680980682373	242812	27.5680980682373	132899	27.60434722900391	105563	27.71281242370605	191862	27.78488731384277	62938	27.85677719116211	224645	27.89265060424805	221188	27.91057205200195	123662	27.92848014831543	2957	27.94637680053711	130859	27.96426200866699	131770	28.1069393157959	4850	28.12472152709961	102996	28.12472152709961	237485	28.12472152709961	308	28.16025543212891	45583	28.16025543212891	112916	28.16025543212891	20103	28.19574356079102	256815	28.19574356079102	
171901	16.82260322570801	259484	17.29161643981934	161475	17.32050895690918	159174	17.34935188293457	140327	17.77638816833496	263947	17.83255386352539	47791	17.97220039367676	27143	18.05546951293945	231151	18.0831413269043	99834	18.13835716247559	164699	18.22086715698242	154088	18.27566719055176	221610	18.30300521850586	660	18.3847770690918	12344	18.46618461608887	131696	18.54723739624023	211711	18.54723739624023	39464	18.60107612609863	102959	18.6279354095459	193510	18.70828628540039	
62905	28.80972099304199	33707	29.47880554199219	228124	29.78254508972168	238430	29.8328685760498	93757	29.88310623168945	109331	29.94995880126953	204391	30.01666259765625	222135	30.01666259765625	11543	30.06659317016602	109256	30.08321762084961	250980	30.09983444213867	64116	30.19933700561523	167115	30.21588897705078	217835	30.36445236206055	131764	30.38091468811035	256894	30.4138126373291	253525	30.46309280395508	22068	30.47950172424316	130188	30.49590110778809	159978	30.51229286193848	
266772	29.15476036071777	14698	29.20616340637207	107960	29.2232780456543	99543	29.30870246887207	1925	29.39387702941895	92506	29.4108829498291	241886	29.42787742614746	147474	29.46183967590332	199124	29.46183967590332	53136	29.47880554199219	153849	29.49576187133789	202940	29.49576187133789	125438	29.51270866394043	78888	29.54657363891602	79776	29.54657363891602	142241	29.54657363891602	107040	29.56349182128906	153874	29.56349182128906	216384	29.56349182128906	228445	29.56349182128906	
100	31.14482307434082	253125	31.28897476196289	135378	31.71750259399414	125635	31.78049659729004	119992	31.95309066772461	172440	31.98437118530273	15749	32.06243896484375	231626	32.09361267089844	18991	32.124755859375	149048	32.17141723632812	19623	32.23352432250977	246978	32.26453018188477	215260	32.28002548217773	1590	32.29550933837891	61127	32.31098937988281	100164	32.35737991333008	41383	32.38827133178711	158950	32.41912841796875	61984	32.43455123901367	85755	32.43455123901367	
108611	17.29161643981934	120724	17.83255386352539	28174	18.02775573730469	79766	18.02775573730469	99323	18.02775573730469	121350	18.13835716247559	165990	18.22086715698242	255153	18.22086715698242	98311	18.30300521850586	180134	18.49324226379395	210017	18.52025985717773	53861	18.54723739624023	193987	18.57417488098145	176594	18.60107612609863	116798	18.6279354095459	127497	18.6279354095459	101075	18.65475845336914	127209	18.70828628540039	89163	18.76166343688965	111452	18.81488800048828	
256674	30.19933700561523	86378	30.36445236206055	165942	30.83828735351562	97176	30.91925048828125	202280	30.91925048828125	124671	31.06444931030273	185108	31.22499084472656	253958	31.30495262145996	68083	31.32091903686523	145268	31.46426582336426	233378	31.60696220397949	60053	31.63858413696289	13606	31.65438270568848	167029	31.68595886230469	215001	31.68595886230469	235408	31.76476097106934	59690	31.78049659729004	25978	31.89043807983398	143552	31.89043807983398	37370	32.06243896484375	
182929	29.79932975769043	111607	29.98332786560059	168336	30.14962768554688	260591	30.18277740478516	79534	30.21588897705078	58564	30.31501197814941	125883	30.47950172424316	199671	30.47950172424316	24063	30.5614128112793	64670	30.5777702331543	142120	30.5777702331543	228796	30.62678527832031	11293	30.64310646057129	172328	30.64310646057129	23205	30.67572402954102	95871	30.67572402954102	257239	30.74085235595703	62333	30.78960800170898	227762	30.82206916809082	207903	30.8544979095459	
22162	47.31807327270508	251315	47.88528060913086	78117	48.31148910522461	166404	48.35287094116211	136707	48.39421463012695	128600	48.6723747253418	194834	48.88762664794922	158180	48.93873596191406	158757	49.02040481567383	109783	49.06118774414062	106845	49.07137680053711	162408	49.31531143188477	156077	49.36598205566406	20434	49.37610626220703	219407	49.40647888183594	241584	49.40647888183594	150529	49.43682861328125	167747	49.52777099609375	127833	49.53786468505859	16006	49.60846710205078	
195039	33.68976211547852	246890	34.43835067749023	73343	34.65544509887695	43965	34.71310806274414	156317	34.77067565917969	116367	34.81378936767578	81135	34.82814788818359	97478	34.98571014404297	73787	35.0142822265625	178043	35.08560943603516	266317	35.09985733032227	131220	35.11410140991211	181463	35.12833786010742	1524	35.1425666809082	109587	35.15679168701172	144309	35.15679168701172	157674	35.1710090637207	199982	35.1710090637207	233209	35.1710090637207	236025	35.1710090637207	
108006	29.32575607299805	195734	29.94995880126953	103584	30.31501197814941	32497	30.33150100708008	63833	30.4138126373291	22068	30.44667434692383	94109	30.44667434692383	65986	30.49590110778809	186647	30.70830535888672	80877	30.75711250305176	198007	30.75711250305176	214645	30.78960800170898	7582	30.82206916809082	154429	30.8544979095459	178826	30.91925048828125	22690	30.93541717529297	167609	30.95157432556152	189689	31	64872	31.03224182128906	170513	31.06444931030273	
252785	28.17800521850586	100515	28.42534065246582	242349	28.54820442199707	102295	28.60069847106934	266831	28.60069847106934	264738	28.70540046691895	107436	28.72281265258789	114020	28.75760841369629	211424	28.75760841369629	259539	28.87905883789062	136392	28.93095207214355	29799	28.96549606323242	113032	29.01723670959473	181325	29.03446197509766	75893	29.10326385498047	80594	29.12043952941895	23877	29.13760375976562	192306	29.13760375976562	229334	29.13760375976562	141217	29.17190361022949	
249899	29.63106536865234	115362	29.66479301452637	90841	29.73213768005371	230243	29.7657527923584	180131	29.8328685760498	242759	29.94995880126953	211376	29.96664810180664	238769	30	160831	30.03331565856934	43580	30.04995918273926	255413	30.08321762084961	107438	30.14962768554688	49175	30.16620635986328	118024	30.16620635986328	135356	30.18277740478516	171220	30.24896621704102	119942	30.2654914855957	65630	30.29851531982422	205623	30.31501197814941	212712	30.31501197814941	
229584	26.4196891784668	30848	26.66458320617676	227622	26.70206069946289	52682	26.72077751159668	258098	26.87005805969238	69727	26.88865852355957	111853	26.90724754333496	137222	26.90724754333496	145792	26.98147583007812	41863	27.03701210021973	52185	27.09243392944336	74300	27.09243392944336	81065	27.12932014465332	135541	27.12932014465332	107963	27.14774322509766	24995	27.1661548614502	196506	27.1661548614502	58420	27.18455505371094	113289	27.18455505371094	35457	27.20294189453125	
84334	23.36664199829102	132341	23.87467193603516	110522	23.95829772949219	144907	24	143737	24.12467575073242	246653	24.14539337158203	237602	24.20743751525879	143639	24.24871063232422	181774	24.33105087280273	100002	24.35159111022949	13300	24.37211608886719	135124	24.39262199401855	235727	24.39262199401855	121128	24.43358421325684	40498	24.4744758605957	13174	24.49489784240723	90548	24.49489784240723	16840	24.53568840026855	227439	24.55605888366699	199147	24.57641220092773	
115733	26.57065963745117	37208	26.75817680358887	197761	26.75817680358887	175519	26.90724754333496	1779	27	64864	27	106190	27.03701210021973	92996	27.11088371276855	99317	27.12932014465332	31459	27.14774322509766	262821	27.1661548614502	51712	27.20294189453125	211643	27.20294189453125	71619	27.23967742919922	118282	27.34958839416504	12462	27.36786460876465	35482	27.36786460876465	71704	27.36786460876465	112736	27.36786460876465	86870	27.4226188659668	
9925	26.07680892944336	245247	26.30589294433594	219468	26.4196891784668	178678	26.55183601379395	148270	26.64582443237305	251801	26.85144233703613	116997	26.90724754333496	31805	26.92582321166992	233787	26.92582321166992	38238	26.96293830871582	224677	27	82811	27.09243392944336	43180	27.11088371276855	65785	27.11088371276855	116285	27.18455505371094	130329	27.18455505371094	258398	27.25802612304688	21116	27.27636337280273	50098	27.3129997253418	77834	27.3129997253418	
165757	34.49637603759766	72293	35.08560943603516	72474	35.25620651245117	83368	35.29872512817383	69911	35.35533905029297	101398	35.36948013305664	153673	35.42597961425781	83182	35.45419692993164	66749	35.48239135742188	233033	35.53871154785156	66523	35.65108871459961	54388	35.69313812255859	139814	35.74912643432617	138909	35.7770881652832	145779	35.7770881652832	73657	35.80502700805664	182745	35.83294677734375	244444	35.83294677734375	162777	35.86084365844727	178842	35.87478256225586	
