200 20
26056	73500.0078125	58975	78644.2421875	54351	78702.6796875	21998	78861.0625	50337	78922.046875	44498	78940.2734375	57488	79312.0625	44096	79741.0390625	64927	80393.1953125	66189	81147.4375	9274	82086.078125	304	82207.3046875	15905	82415.7734375	69317	82777.765625	71067	82924.09375	9454	83117.8515625	63567	83599.75	55253	83610.1484375	51105	83843.3046875	2293	83859.09375	
43967	105851.7578125	6771	109631.421875	34053	109723	59100	109737.9140625	31791	110323.9609375	30159	110584.0703125	42674	111035.1875	30968	111064.796875	11483	111891.90625	11624	112707.4765625	21210	112782.6484375	12436	112915.5859375	70402	113211.28125	22759	113406.2109375	17699	114200.6953125	24440	114216.2421875	27798	114452.140625	62898	114719.4140625	7602	114765.46875	43789	114873.2734375	
12130	79740.9453125	35645	80227.5703125	8987	81176.0625	19039	81188.3671875	19857	81727.453125	13715	81862.8828125	1229	81923.171875	17310	82197.1953125	60653	82513.7265625	55840	82609.6171875	63729	82693.390625	52195	82819.890625	36384	83105.90625	32117	83182.5	15400	83283.984375	47422	83407.625	63582	83547	72241	83692.09375	15208	83758.5859375	31723	83985.28125	
28719	85310.09375	27529	85497.1640625	67987	85818.1484375	51988	87485.3828125	39390	87611.9140625	69905	87727.6015625	47845	87804.8984375	16812	88079.65625	61824	88794.3515625	52331	88899.15625	47157	89031.578125	32046	89530.875	22728	89537.6796875	12015	89566.3515625	27822	89639.3828125	47146	89763.6015625	47803	89873.3125	36132	90459.359375	63787	90791.71875	5331	91000.0546875	
77103	88534.4375	58100	95830.6640625	77491	97302.9140625	46400	98163.015625	42046	98320.109375	8935	99047.1875	13978	100533.2890625	49224	100736.9921875	60639	101467.7421875	49116	102002.8125	4223	102207.203125	26366	102270.609375	4729	102488.5546875	72835	102685.4140625	28831	102815.5859375	23135	103034.453125	37777	103116.34375	32316	103193.0625	18517	103480.421875	5247	103659.9609375	
26056	84399.703125	52281	84566.53125	46261	85877.9609375	50141	87155.5	71067	87643.296875	10706	88344.21875	12509	88443.6484375	20150	88770.984375	31881	89415.9375	64105	89554.8671875	53244	89664.890625	25852	89883.640625	57171	90121.875	21998	90295.296875	4422	90318.5	9911	90406.0234375	51105	90490.28125	853	90770.96875	13493	90784.578125	26517	90853.03125	
16957	76352.96875	23832	84006.5625	38696	85917.625	13019	86634.2890625	42386	86765.3359375	49763	87087.2421875	58259	87885.984375	8361	87944.5859375	27927	88175.109375	30123	88280.5625	67648	88420.5625	60417	88612.234375	25303	88771.3203125	43647	88784.7890625	52793	89246.9609375	63842	89365.0703125	8544	89534.921875	57947	89635.6328125	76562	89640.5078125	67764	89675.1953125	
61600	78464.4609375	77674	81535.6640625	11259	81722.765625	38224	81854.4453125	12698	83387.5234375	17181	83889.46875	62363	84281	19460	84480.9609375	29552	85654.125	66091	85863.71875	3049	85993.2109375	38688	86458.7890625	56646	86645.7734375	54559	86742.65625	3720	86885.6875	36707	86937.0546875	22676	87253.8671875	19844	87369.6171875	72246	87382.0390625	49717	87475.34375	
30691	75057.3046875	30890	77135.5703125	42682	77979.9375	41778	78253.046875	56802	80242.9140625	8999	80285.2734375	29031	80459.140625	73415	80623.4296875	14416	80666.2265625	68335	80696.28125	380	81002.78125	6037	81084	75285	81989.3125	59705	82129.3515625	940	82255.8984375	1701	82417.78125	58560	82842.765625	17989	83165.9296875	29951	83583.875	72966	83599.5546875	
41119	89705.46875	15602	90994.109375	21409	91726.5234375	58002	91887.671875	14116	92491.015625	63442	92612.7578125	23251	92700.0625	51274	92744.21875	64596	93290.6015625	16698	93308.6015625	37034	93461.8046875	54735	93625.8125	58414	93683.5	52317	93765.1796875	49951	93802.4453125	24242	93893.1171875	47022	94040.9765625	34390	94512.96875	13117	94596.3046875	61432	94694.6484375	
48934	134587.484375	14751	136029.203125	38451	136911.90625	61138	137102.9375	12737	137221	77770	137225.140625	38463	138225.609375	41736	138638.46875	78732	138935.96875	36023	139948.6875	42499	140937.3125	78707	141142.84375	48749	141333.59375	20501	141398.125	61484	141557.171875	1503	142613.6875	64890	142904.796875	18654	142905.59375	77669	142948.234375	16867	143451.046875	
25152	58910.90625	58591	66180.7734375	7906	66760.5546875	51789	68211.2421875	46576	68298.5703125	57776	69463.7578125	11250	69497.328125	14735	69723.1171875	24194	70131.5390625	50929	70367	23095	70407.703125	27135	70455.4921875	16117	70589.890625	78187	71450.609375	5839	71505.1640625	6668	71539.046875	18831	71724.7578125	36679	71802.03125	52703	72390.2265625	66096	72754.1953125	
50015	87957.6171875	2020	90229.140625	64585	91058.1015625	24419	91137.8515625	23748	91480.7265625	73133	92692.5859375	61185	92918.84375	57927	93097.1171875	4852	93220.0859375	6149	93620.7890625	37608	93730.6015625	69830	94214.6328125	9505	94244.609375	21369	95183.3515625	34716	95297.046875	16641	95535.421875	40911	95577.3984375	5483	95590.4296875	75329	95694.2421875	62409	95748.28125	
1225	86917.1015625	5026	90456.9453125	43341	92397.90625	51717	94771.3046875	8805	94837.609375	7548	94899.9921875	66373	95396.453125	54943	95462.75	1367	96598.8046875	46455	98045.375	49113	98216.171875	11185	98330.734375	43123	98360.15625	62946	98697.671875	20011	98789.203125	67098	98948.0390625	23281	99094.984375	51979	99683.84375	35805	99806.8125	13606	99876.8984375	
77270	91342.09375	59638	93005.2734375	29901	96671.9609375	11430	97250.1953125	63746	98987.703125	64229	100051.4921875	58066	101059.8671875	26423	101130.5390625	21268	101188.4453125	69039	101502.5625	57921	101808.2578125	48118	102731.1796875	40158	103451.484375	18123	103677.0625	36300	104527.015625	35654	104797.3046875	8870	104992.0078125	4634	105058.0390625	27570	105307.953125	11851	105314.3359375	
59592	95286.5078125	44295	95692.59375	37100	96993.8359375	4892	97212.7265625	50163	98086.6953125	27990	98316.4921875	51488	98352.3984375	37565	98555	45563	98889.3359375	77643	98945.59375	15276	98979.3203125	55543	99256.3671875	23386	99535.8359375	56484	99883.59375	78859	100093.921875	56833	100491.7734375	10682	100542.84375	54601	100719.296875	18407	100798.2421875	31714	100869.578125	
14651	66751.0078125	42908	71090.3984375	42397	75212.0234375	59148	76360.28125	1905	76822.546875	15822	78772.4765625	53845	78777.3125	56624	79194.1953125	66366	79238.8984375	45903	79363.4453125	57403	80612.328125	34988	81671.203125	78544	81832.9921875	64309	82345.234375	61187	82361.1796875	29700	82533.046875	1577	82536.6328125	20104	82807.578125	40917	82814.59375	33329	83203.1328125	
12315	85290.796875	59855	86549.1953125	63053	86744.5859375	62173	86844.7265625	19466	86890.5625	1250	87444.7734375	64438	87520.2578125	2546	87540.171875	23037	87799.921875	28725	87824.5234375	26056	87909.0390625	37463	88921.8203125	62865	89146.859375	5021	89324.1796875	57563	89410.515625	26517	89419.9765625	70778	89817.5390625	7564	89857.7734375	66368	89877.015625	7338	89928.2890625	
58868	62008.109375	36867	65237.65234375	78553	65383.109375	5211	66692.4453125	38040	67146.6171875	2924	67284.8828125	71289	67320.3125	45976	67599.5859375	6425	67871.2578125	41016	68168.734375	68038	68562.15625	18191	68571.3828125	54375	68622.7265625	50372	68654.1796875	52354	68719.5390625	14035	69053.4453125	50651	69109.09375	42287	69189.25	35973	69240.453125	64266	69298.109375	
27596	82577.9375	73082	83877.7890625	3240	85826.09375	25091	86236.3984375	7411	87128.15625	46132	87144.2109375	3181	87477.6796875	6001	87705.9453125	31412	88293.1953125	16910	89035.3125	35642	89212.5234375	63597	89418.734375	71542	89613.2421875	28374	89842.3359375	51370	89875.40625	32415	90098.5390625	69619	90569.1875	76866	90571.359375	73534	90726.484375	63250	90740.109375	
62089	63318.9609375	68606	66997.7421875	55124	67783.8359375	7454	68484.7109375	64015	69881.8125	72243	70117.671875	1749	70177.5	10557	70240.5546875	78586	70401.0234375	59624	70656.40625	20029	71255.0078125	61036	71564.5078125	63532	71671.890625	43422	71802.984375	35097	71914.5859375	64233	72086.296875	68777	72164.5234375	64369	72484.8515625	4831	72535.7421875	63890	72578.6953125	
22798	89694.8203125	21011	92704.8671875	2119	93015.3671875	20312	93128.7578125	71281	93722.015625	32274	94080.09375	62833	94089.3828125	17585	94684.5859375	3200	94724.7421875	49259	94789.9921875	23171	94988.0078125	793	95259.7421875	45956	95429	28632	95613.328125	73646	95728.1953125	3364	96020.640625	5421	96038.1171875	41751	96091.2265625	61717	96091.3046875	4362	96174.5859375	
23248	79193.1328125	36007	79323.0703125	76956	79515.3828125	4763	79593.6015625	17393	80198.5	68496	80387.046875	53646	80779.390625	59432	80824.21875	38694	81483.7265625	46407	81890.0859375	7117	81960.8515625	21177	82249.5234375	57363	82304.6015625	18390	82656.359375	43975	82768.8125	47018	82789.4453125	27690	83147.3828125	53298	83216.953125	24973	83244.4609375	65548	83348.609375	
54139	117212.6640625	13659	121744.015625	69064	128714.6484375	48988	128940.2265625	20610	130074.1640625	15502	130239.9140625	73338	131754.515625	8814	132025.53125	20075	132435.734375	73161	133367.171875	76171	133691.3125	16057	134500.25	74871	134573.171875	66992	135308.375	54307	135776.515625	42744	135894.625	55757	136266.421875	31716	136515.046875	34605	136942.828125	71437	137061.25	
35721	72609.359375	19053	78161.7890625	19140	81463.3828125	3176	82565.21875	39454	84764.8671875	23996	84906.4375	51526	86184.6015625	56656	86304.4375	58435	86326.03125	8982	86330.890625	66021	87045.859375	55717	87485.3515625	70678	87625.3359375	51920	87627.3125	32182	87655.140625	16734	87738.828125	44052	87952.3828125	62157	87979.59375	16730	88041.96875	34942	88373.4609375	
9566	88649.9453125	62541	97073.28125	51135	97402.671875	3618	99287.7890625	17361	103445.78125	6869	108451.6875	75117	109175.9921875	34615	109813.8203125	24902	111242.5078125	63201	111605.9375	20433	111857.0390625	63923	112708.6640625	62998	113633.7734375	35493	113739.078125	50573	114585.8984375	7037	114797.8125	4934	114834.6015625	22463	115375.7578125	14888	115596.78125	240	115828.3125	
65750	88532.53125	48180	91631.28125	42453	97767.8046875	21639	98039.890625	47777	98563.390625	18127	98933.3359375	70167	99170	31402	99584.0234375	73085	99720.6484375	55817	99894.8046875	66278	100276.46875	17748	100349.9921875	31261	100449.3203125	11717	100906.6796875	7167	101006.296875	9903	101401.296875	74130	101945.1484375	77150	102138.703125	1287	102175.5546875	21711	102693.78125	
18716	46979.9765625	26507	47603.421875	23427	48955.875	54725	48962.81640625	57051	49069.90625	41441	49147.43359375	38360	50397.5	42340	51051.6640625	41304	51060.09765625	64429	51365.67578125	13625	51425.17578125	18122	52359.921875	10829	52526.16796875	20924	52684.6875	76048	52753.77734375	1665	53182.515625	23093	53342.921875	45005	53347.921875	2068	53554.89453125	77049	53561.86328125	
65340	93610.390625	67868	97950.453125	45326	98568.078125	8085	98740.75	75320	99157.890625	42171	99913.359375	4634	100621.3515625	14511	100679.6171875	2589	100779.1328125	54415	101977.6953125	66664	102018.671875	28555	102256.8515625	41586	102486.4609375	33630	102762.6953125	24709	102916.3984375	71551	103194.7578125	44201	104126.734375	17493	104344.8046875	33259	104953.65625	12045	105590.78125	
27934	66395.25	22527	70049.796875	65212	70232.3359375	35010	70292.2578125	41853	70855.3671875	52987	71069.46875	28070	71153.265625	15132	71668.765625	52919	71881.484375	49508	72007.5	41140	72328.2421875	34528	72594.328125	74574	72817.1875	74453	72884.578125	5272	72921.9609375	17424	72965.046875	648	73327.6953125	27607	73373.15625	53125	73374.3671875	2308	73906.734375	
24135	92948.3125	14116	93889.734375	1454	93958.3671875	59621	95314.3671875	59508	95531.6328125	35707	95561.046875	48695	95697.1328125	77303	95890.5703125	38567	96107.8671875	17079	96775.8828125	21385	97147.75	64240	97169.5234375	40440	97246.9296875	45585	97354.46875	13543	97392.6484375	48853	97662.4453125	45887	97892.6796875	46011	97903.953125	28065	98093.203125	2217	98111.3984375	
68748	99652.015625	28610	100674.4140625	66428	100940.90625	21211	101477.8203125	67112	101591.15625	48604	101735.4609375	5895	102035.9140625	72147	102079.125	22965	102349.90625	69937	102925.2265625	76761	102958.6875	30603	103001.6796875	29451	103302.1171875	24212	103324.953125	61965	103485.1796875	36714	103552.046875	3497	104346.625	46586	104437.8984375	56353	104725.03125	23481	105111.6015625	
2394	90010.546875	62249	91136.34375	4372	91983.703125	40814	94234.6796875	31705	94669.328125	48963	94760.171875	47736	94925.515625	62280	95287.7421875	11481	95500.84375	24676	95523.890625	49340	95696.2109375	32274	95829.78125	54775	96131.4453125	7706	96299.5078125	43568	96375.2578125	11939	96425.03125	66260	97109.8828125	41980	97166.5234375	29401	97341.6875	62898	97355.3046875	
9841	80456.96875	48511	81344.9921875	64816	81738.0234375	7167	81784.4140625	35235	81813.7265625	65720	82761.7265625	19448	83574.3203125	77798	83756.1171875	53395	84126.8828125	51461	84479.4375	29437	85313.0625	67811	85338.03125	1780	85471.71875	15284	85523.015625	30305	85621.8984375	39146	85632.625	74000	85875.9296875	39142	86016.6484375	75286	86268.3203125	18783	86350.109375	
36431	93120.1171875	10452	96460.2265625	54793	96981.5703125	41305	97020.609375	2049	97282.90625	67081	98568.71875	59365	98663.75	61717	98810.1875	32241	99111.7109375	57311	99233.9296875	56167	99297.2109375	43068	99473.6796875	24799	99510.0078125	25092	99734.9375	192	99876.875	68179	100107.4453125	51199	100169.4375	60465	100486.5390625	70147	100559.765625	72465	100713.671875	
59827	100994.0390625	63647	101346.6171875	66873	101381.984375	75107	101925.5078125	54920	103072.703125	59084	103183.5546875	75682	103738.9375	23381	104052.046875	30401	104359.71875	1272	104448.09375	46607	104875.7578125	31415	105245.828125	24776	105363.6640625	78974	105455.078125	22783	105764.484375	17344	106072.875	34663	106120.921875	77211	106546.3203125	62154	106593.7265625	54748	106991.53125	
3853	74067.515625	42899	75502.734375	9828	79528.3984375	53494	81854.265625	23183	82088.375	44529	82758.7578125	35208	82948.53125	13786	83094.8046875	10841	83348.5390625	62547	84090.5078125	62789	84508.515625	27989	84732.609375	20029	84829.71875	44749	84855.6171875	64015	84910.2734375	78586	85511.8671875	51256	85535.7109375	41140	85685.015625	1749	85914.1953125	34826	85916.984375	
69743	96313.375	27638	97940.359375	56012	98391.03125	66310	98494.03125	20617	99934.0546875	50831	100460.734375	31476	101055.640625	70855	101094.8359375	33989	102101.8359375	58651	102260.59375	6332	102430.84375	73515	102684.8125	74168	103462.7109375	44477	103541.8515625	37736	103615.796875	73838	103796.09375	17786	104339.859375	44872	104428.15625	59668	104647.796875	58595	104672.453125	
46715	96888.1640625	19262	99372.328125	31450	101803.4296875	9102	101806.3203125	58615	102522.8046875	31747	103126.203125	3658	103262.9296875	44177	103387.8828125	34386	104603.3671875	62209	105001.5703125	44113	105240.234375	74382	105423.4375	33834	105440.1171875	8101	105667.375	57461	105985.1953125	4559	106065.203125	19915	106118.8515625	36630	106256.9921875	18114	106273.46875	58907	106470.2109375	
29672	87332.2734375	48162	87481.5546875	30970	87785.5625	12643	88623.3828125	35199	88852.5078125	72600	90687.7265625	22612	91083.9453125	57645	92000.96875	33942	92510.1015625	30264	92542.84375	56224	92763.8671875	37314	92989.609375	78151	93045.515625	20852	93202.9453125	43794	93623.9140625	41686	93933.0625	35694	94171.4453125	73414	94381.84375	60687	94391.2578125	14783	94406.9609375	
21485	65185.41015625	13658	66628.3125	27929	67880.390625	43022	68199.890625	55279	69455.0390625	4812	70033.359375	72892	70186.3359375	10111	70483.6328125	29031	70535.265625	74622	70929.5390625	1526	70979.7109375	41617	71354.2421875	35335	71724.8515625	42117	71726.671875	49399	71783.125	17141	71928.78125	6687	71970.90625	63910	72077.0625	9206	72167.1796875	55125	72471.9296875	
10134	91741.703125	49750	91945.8125	5276	93365.046875	49611	93586.28125	52672	94178.3671875	20847	94464.4765625	53260	94904.5	40576	95508.453125	52951	95550.75	18395	95927.09375	24196	95990.203125	72450	96129.7109375	29906	96352.4140625	53100	96810.7421875	23791	96883.6640625	26527	96991.078125	78416	97057.7578125	54982	97081.9140625	1685	97128.203125	24924	97140.171875	
76730	79640.5859375	70749	80250.640625	19946	81351.1171875	62028	81640.9453125	42178	82132.921875	51542	82745.6171875	16668	82930.859375	71304	83971.015625	57318	84074.265625	50565	84077.0078125	21758	84924.90625	41298	85073.484375	20429	85178.1640625	39385	85389.2265625	7115	85517.4609375	35041	85589.5859375	9952	85964.6875	66045	86291.765625	55106	86330.40625	78638	86597.828125	
972	80927.7109375	67885	84752.4296875	11216	88198.234375	67975	89933.28125	29363	90201.546875	31468	90493	36063	90878.625	56420	91120.4609375	50574	91145.046875	39555	91310.4296875	28781	91425.8203125	17498	91956.609375	61923	91991.3203125	765	92100.234375	40483	92756.515625	9158	92757.25	11939	92857.8828125	1476	93092.703125	41980	93118.828125	26112	93724.671875	
9066	48657.32421875	1419	50712.76171875	56355	51728.78515625	51706	52156.25390625	60399	54245.16015625	78754	54419.74609375	62005	55838.12109375	9387	56323.49609375	43407	56373.66015625	54319	56430.77734375	52161	57041.359375	65334	57492.0390625	60713	57665.81640625	16799	57728.06640625	59152	57948.94921875	37532	58009.59375	24730	58143.87109375	9641	58632.47265625	2262	58641.25	46248	58887.03125	
65374	77384.4609375	68736	82582.734375	34968	85947.671875	9911	88298.4921875	22957	89082.4140625	29804	89606.7578125	16599	89653.1953125	44858	89819.3359375	71838	89980.8828125	78937	90294.3515625	77098	90487.9609375	42753	91021.3671875	42841	91366.1796875	58623	91484.8671875	10706	91637.8203125	26517	91717.5546875	24646	91872.3828125	64747	91964.046875	56069	92578.546875	49951	92637.8359375	
32711	99290.453125	69160	100247.734375	26400	101636.2734375	29278	102693.9921875	15694	103265.8671875	73278	105062.9609375	68720	105468.4453125	34565	105499.0234375	29380	105522.2265625	26743	105529.5078125	51012	105806.6328125	57548	106399.9609375	16032	106557.7578125	46150	106779.671875	6799	107193.015625	17775	107402.796875	68700	107483.5390625	73319	108028.0546875	15868	108199.359375	66123	108241.171875	
62253	87497.0234375	13073	89914.6875	41797	90501.609375	61609	91511.859375	73492	92423.078125	14596	92556.6875	64957	92730.234375	15945	92953.7734375	76812	93027.6796875	42156	93101.3828125	45280	93190.140625	72692	93316.6953125	28145	93499.8515625	52003	93554.578125	29295	93718.6328125	73646	94120.5703125	19735	94503.7890625	51885	94822.90625	56519	94868.9921875	46177	95150.21875	
50949	82624.078125	57422	86328.5625	52283	88488.9609375	59148	88824.6796875	41375	89462.53125	56336	89700.2109375	58009	90163.9296875	62924	91661.9765625	31189	92148.953125	14796	92183.1796875	52744	92225.6484375	49880	92294.703125	51023	92443.4375	59861	92469.390625	77323	92811.546875	45903	93208.8125	62206	93487.0703125	23885	93813.6171875	29700	94521.0234375	39982	94611.546875	
7626	69927.1796875	39361	70350.84375	35000	72515.3984375	43231	72594.53125	9726	73362.0625	56117	73729.1640625	71007	74382.4765625	11523	74669.6640625	7540	74903.109375	27272	74969.2421875	7928	75056.2109375	17661	76266.6953125	26021	76340.2578125	75341	76653.1796875	8501	76678.0390625	60370	76713.2109375	58433	77302.7734375	599	77409.84375	6390	77414.078125	1100	77752.84375	
65594	80286.2421875	60333	80710.796875	39925	81429.6171875	35339	82711.953125	8045	84970.5625	57497	85104.6796875	5907	85555.5078125	36948	85761.6484375	8542	87017.4609375	22387	87298.71875	70946	87402.34375	40196	87936.25	74696	89100.4140625	64157	89879.2890625	65078	89979.9609375	18134	90327.8984375	44934	90339.1875	13045	90509.28125	21898	90644.1015625	60141	90888.1875	
43586	84805.921875	53328	85289.265625	31706	87094.1015625	64905	87441.9453125	69871	87783.4609375	46342	87856.9921875	78746	87978.1640625	58071	88144.7890625	9498	88295.6875	44331	88690.3203125	36786	88799.9609375	64132	88960.625	35531	89388.3984375	57074	89617.203125	4699	90176.578125	63567	90279.765625	4411	90689.8046875	43422	90924.9609375	50253	91185.2890625	69875	91215.1171875	
62819	87533.5625	25454	89253	18155	89469.265625	45331	89878.5625	43116	90619.265625	23032	90816.8984375	2989	91076.2109375	12864	91091.65625	61047	91233.265625	63972	92317.578125	21865	92645.3203125	31252	92679.3359375	73710	93108.953125	67771	93122.515625	52433	93496.6953125	45332	93680.9296875	24353	94174.8125	62977	94437.734375	28008	94486.0546875	5975	94507.1953125	
62214	79333.25	28002	80701.265625	22419	82781.1171875	60867	82792.859375	30425	83911.6328125	68650	84027.640625	18481	84068.7734375	73108	84344.7265625	15533	85401.984375	38234	85408.2734375	35745	85511.1875	74843	85572.2890625	7362	86184.4453125	31264	86202.8125	34216	86288.859375	19983	86507.4609375	19551	86594.9296875	5613	86670	42987	86674.1640625	66771	86822.9140625	
25786	65645.9375	28473	66432.7734375	50871	68088.359375	60907	68290.09375	77123	68496.0078125	12070	68644.0546875	16241	68656.78125	78515	68908.0234375	78790	69072.9140625	60316	69111.609375	16327	69449.171875	6739	69753.1015625	64461	70217.9375	46658	70351.0078125	62032	70550.765625	72288	70603.8828125	7727	70932.96875	60843	71046.234375	77139	71148.046875	36	71491.484375	
7027	84346.8046875	63033	88314.8671875	61471	88865.9765625	50300	89177.9453125	41917	90469.421875	7984	90614.671875	63474	90752.5546875	53703	91213.8125	26246	91295.953125	76306	91462.7890625	23947	91622.6796875	44479	92193.09375	1454	92418.6640625	44994	92428.5234375	37732	92452.71875	20544	92800.3515625	49691	92880.0546875	28166	93148.5078125	47299	93526.0625	9032	94138.7109375	
43734	77556.390625	4790	80473.4921875	24561	81709.90625	71830	83402.5	10446	83573.21875	14063	83809.4453125	56551	83965.328125	9454	84254.0625	75427	84810.640625	78751	84925.4453125	42841	86323.7265625	75022	86768.96875	6028	87643.46875	36852	88013.328125	61776	88094.6953125	13363	88273.953125	70247	88441.890625	69733	88572.140625	42635	88583.3671875	71838	88591.1875	
64106	84256.484375	1367	86150.5703125	6087	86358.078125	2546	87285.140625	36786	88771.7734375	66494	88772.7421875	67825	88797.1875	28450	89237.3984375	47152	89849.1875	13493	90088.8203125	10339	90277.65625	34752	90912.1015625	53428	91268.9375	63931	91314.1875	38322	91460.5234375	56858	91602.203125	10804	91708.078125	63628	91719.4140625	54429	91963.875	79005	92518.109375	
58525	75256.7890625	78386	81127.734375	19426	81145.75	68911	82328.875	20355	82967.40625	69765	83812.0703125	31508	84228.9609375	70471	84515.2421875	61774	85440.3984375	3257	85664.2578125	59790	85869.359375	959	86193.1796875	60148	86547.515625	43589	86581.34375	26244	86922.5390625	25802	87755.3515625	35292	88055.265625	22837	88231.671875	53593	88661.5234375	35489	88754.125	
24665	50489.8828125	27856	51855.10546875	37757	52384.46875	78774	52799.390625	58521	53971.4140625	2001	54022.6171875	55219	54104.63671875	42811	54795.5234375	61110	54874.4609375	65375	55102.83984375	24436	55166.48046875	32322	55216.7890625	73918	55279.23828125	68821	55313.171875	70009	55320.9375	21597	55695.61328125	27524	55881.73046875	36948	55910.59375	21633	55944.66015625	19907	56118.45703125	
38821	88966.8203125	78151	95959.390625	60408	98028.5859375	6635	100088.7890625	9707	100337.84375	41686	100708.6640625	38963	101788.375	14783	102010.28125	61660	102463.6953125	39930	103877.8828125	26985	104052.1328125	1515	104632.5859375	33942	105179.6015625	54508	105502.5078125	70799	105537.375	11528	105930.953125	60687	106130.5234375	35697	106958.71875	70249	107148.9921875	44259	107213.3203125	
35028	93574.3984375	42198	94163.6015625	42225	94631.25	56484	94923.734375	53776	95385.6171875	54651	95677.546875	59508	96118.90625	4418	96359.6171875	66260	96647.7578125	40848	96706.65625	43989	96711.09375	7617	96928.265625	44295	97324.984375	74154	97403.15625	31191	97516.9921875	50560	97556.515625	40451	97639.203125	12301	97738.8515625	53346	98164.40625	54578	98305.1640625	
19804	64317.4765625	52757	64511.76953125	5544	64896.609375	73681	64946.921875	9333	66276.3359375	44829	66447.875	72221	66694.1640625	24179	67494.8828125	9431	67878.453125	18451	67879.6875	9093	68794.75	70447	68880.171875	41418	69079.3984375	4785	69117.953125	21046	69181.140625	59911	69337.2578125	23641	69816.015625	49236	69901.3203125	77239	70072.4765625	48107	70091.6015625	
67853	85279.921875	74137	87267.9765625	78663	90254.0703125	46740	90431.0625	38819	90692.453125	71201	91460.203125	9865	91580.1875	38270	91655.859375	72692	92913.1171875	12530	92972.109375	2049	93022.375	446	93618.4765625	47224	94013.921875	19175	94760.3828125	26746	95063.1484375	46321	95498.984375	15028	95520.8125	54894	95719.53125	75360	95727.328125	17070	95917.140625	
55204	96745.7890625	72913	98620.0390625	54556	99296.8125	14600	101770.875	62966	102069.75	20501	102500.3125	51934	102524.078125	35445	103303.921875	28865	104150.4765625	38418	104223.125	15739	104414.515625	14210	104424.015625	14041	104816.1171875	10994	104833.2734375	37437	105048.609375	73822	105100.890625	19339	105105.375	18720	105409.4765625	13817	105483.1015625	30669	105519.046875	
57232	70484.6328125	44105	70721.3125	46710	70751.390625	74829	71210.984375	13502	72911.9140625	22578	73080.296875	23982	73670.71875	29654	73849.375	42487	74179.0703125	65462	74445.359375	4271	74554.8046875	24249	74807.4453125	44276	74824.1796875	68870	75037.703125	65037	75557.09375	73818	75588.7265625	35727	75676.2734375	13922	75885.3203125	74807	75966.6796875	36803	76036.84375	
32415	71170.921875	39142	74569.9609375	1315	75032.8828125	71247	75155.1484375	50755	75273.6796875	58781	75875.6640625	26957	75966.1875	31154	76289.984375	45860	76308.2734375	24684	76319.765625	41598	76539.796875	7408	76676.8515625	54322	76738.21875	16864	76751.578125	53898	76878.4375	44284	76896.734375	23065	77113.71875	54477	77169.6171875	71463	77177.0703125	46104	77267.96875	
78214	132447.09375	69509	132856.28125	75106	133004.6875	17241	133286.921875	63230	135069.3125	62444	136451.140625	43937	136575.78125	31001	137295.375	35798	137861.015625	13606	138261.234375	65892	138373.546875	29901	138734.328125	122	138776.671875	35481	138895.6875	25668	138925.4375	63091	138978.65625	12925	139275.671875	3430	139279.609375	56903	139386.65625	71499	139423.15625	
66453	101356.640625	61868	108041.5234375	52111	108047.3671875	54305	109772.484375	74060	111347.2109375	22709	112462.9296875	18630	112514.125	1050	114118.1484375	17668	114464.390625	41491	114732.625	11378	114846.0703125	66277	114934.375	57334	114935.4453125	56384	115423.9140625	33566	115885.78125	53195	116051.59375	28969	116103.8125	14582	116125.7109375	14185	116446.2109375	26522	116512.765625	
65319	84249.859375	25715	85233.9375	18168	85465.0546875	59067	85501.0703125	30122	86050.328125	25092	86674.3828125	57311	86855.1171875	46244	86966.3203125	3643	87317.8828125	41210	87546.7421875	56199	88173.8203125	58835	88910.640625	40122	89656.6015625	11997	89914.3671875	54931	90038.40625	50392	90079.8671875	21299	90139.984375	67505	90141.4921875	43068	90159.140625	70567	90208.2109375	
72738	75823.7421875	68081	77161.796875	6893	78328.6484375	42422	81602.53125	35166	81868.15625	41386	82131.8203125	13011	83485.1484375	43055	83838.90625	15696	84810.296875	24443	85206.453125	15619	85278.90625	65391	85533.234375	450	85639.5390625	67352	86423.9765625	61438	86553.75	6541	86703.3515625	73055	86939.96875	10758	87506.8359375	6049	87624.9375	14123	87663.1015625	
8032	88212.0234375	17751	95656.4921875	76549	96609.953125	26958	97164.5234375	9524	97704.9765625	46021	98159.59375	75950	98710.7109375	74309	99433.890625	37237	99477.8359375	78865	99522.1015625	28845	99592.9921875	35028	99721.453125	13494	99819.5078125	71586	99838.7109375	48768	99963.296875	66931	100212.90625	28260	100685.71875	10482	101091.203125	8117	101539.84375	64869	101636.546875	
68842	87633.734375	3795	88541.4609375	41580	91267.2109375	76426	94008.0234375	47373	94887.9609375	36905	95334.546875	66373	95578.5234375	5129	95692.6328125	60465	95713.296875	54943	95883.125	4897	96652.1875	78256	97319.7734375	2049	97374.5625	69709	97918.2421875	51979	98073.6328125	55244	98306.5546875	35805	98561.3125	56804	98621.875	51015	98923.515625	42807	99085.7109375	
30050	68365.6484375	3311	68854.984375	49193	70265.9296875	18990	70583.578125	72701	70948.125	29900	70986.1640625	29040	71213.7890625	38558	71583.375	58596	71753.609375	47794	71803.9921875	21764	71932.8828125	57252	72116.640625	25000	72226.8671875	37606	72316.0390625	56037	72886.9140625	18943	72992.3125	76565	73127	56761	73141.4375	47334	73153.609375	61461	73184.1640625	
15976	82012.5546875	35488	85640.265625	36845	86445.9609375	73236	86571.2734375	66885	87066.890625	3434	87866.1015625	27448	88541.1640625	71961	89486.0390625	53886	90158.4765625	65844	90512.359375	39835	90639.578125	61959	90686.953125	1556	90966.328125	49090	90992.125	17298	91227.15625	71394	91237.859375	39383	91269.5546875	26210	91317.5390625	44676	91331.0234375	34892	91457.2265625	
52839	85115.734375	45079	85124.7421875	20362	87188.5	14408	87563.90625	35028	87873	8239	88180.1015625	40719	88184.625	46131	88402.6875	27083	88540.375	19296	89820.046875	7588	90184.7421875	37597	90342.46875	76113	90452.8203125	69519	90536.015625	54624	90563.1328125	53582	90760.21875	38614	90877.9765625	32608	91035.640625	51815	91127.4921875	59683	91160.625	
71601	75315.0859375	40843	77590.125	10292	80741.25	46875	81054.3828125	52825	81411.3984375	45388	81467.375	27268	82123.390625	15708	82346.375	71743	82527.109375	22575	82576.125	33510	82646.6015625	63928	82787.8125	26124	83594.5390625	46192	83729.640625	3292	83744.875	61607	83805.6796875	23690	83833.625	54378	84653.7890625	22426	85007.8828125	60101	85314.90625	
23957	100319.9453125	36693	104352.421875	36792	104633.6796875	11979	104815.546875	69023	105403.71875	2925	105917.3203125	14682	106035.3828125	68335	106765	78934	107430.609375	35737	107568.953125	44096	107679.0390625	77611	107701.765625	34862	107725.6328125	65465	108066.2421875	32145	108838.1171875	2386	108960.71875	19199	109186.890625	23825	109223.984375	28272	109362.96875	71025	109430.2578125	
18943	91205.734375	24556	91338.109375	18511	92710.9296875	75876	94960.4765625	44830	95563.9609375	1679	96122.921875	44135	96360.4765625	5638	97114.4375	62767	97353.421875	1352	97670.671875	23996	97793.7890625	77020	97933.3046875	19101	98095.65625	45710	98177.875	26798	98582.421875	73662	98688.5703125	25000	98691.6484375	46504	98715.890625	11974	98947.3203125	28889	99012.2578125	
41423	101744.3046875	6243	101822.609375	66862	102669.828125	2638	103577.015625	10595	104761.71875	71766	104906.1484375	15292	105338.3125	63842	106010.4765625	12141	106568.0859375	52463	106788.78125	53455	107202.109375	2350	107388.578125	74498	107914.65625	21641	108034.8359375	19433	108074.5390625	18311	108221.5625	10942	108339.3359375	70059	108412.5234375	725	108463.5703125	9821	108583.296875	
70983	74818.0546875	67709	77983.171875	48746	82638.8984375	74945	83157.484375	44678	83284.046875	40917	84035.1640625	56497	84388.34375	64352	84742.140625	53907	85145.28125	65380	85171.640625	12529	85303.625	38391	85468.7734375	907	85567.21875	63513	85686.8984375	29535	86873.7890625	5926	87393.8984375	76675	87799.828125	70601	88075.453125	56864	88235.0546875	17181	88262.421875	
51488	106396.7890625	54318	107192.359375	1967	107807.953125	12330	108080.640625	74827	109510.8203125	18424	110761.8203125	2099	111339.578125	8957	111671.40625	19214	112202.578125	49975	112778.046875	20131	112900.765625	70607	114814.0078125	66619	115088.2265625	59389	115406.140625	6912	115895	39676	116064.734375	16747	116117.578125	58708	116710.671875	31827	116954.953125	39309	117074.703125	
26209	50821.42578125	44829	52117.66796875	56004	52472.3359375	9789	54065.5078125	9256	54157.9453125	40516	54478.3671875	78394	55374.265625	57979	55691.93359375	52757	55699.19140625	21518	56196.94921875	54588	56364.38671875	29017	57672.69140625	56224	57770.4296875	34345	57926.23046875	27321	57999.37109375	31020	58428.140625	13806	58446.10546875	68596	58552.4296875	55970	58554.921875	61667	58805.71875	
44605	69808.8046875	12182	72425.4921875	43876	72954.78125	32550	73409.8515625	52422	74111.765625	65663	74477.6640625	66710	76818.53125	47226	77151.171875	60767	77167.171875	16865	78057.9921875	24543	79723.5078125	45006	79770.0390625	15659	79856.640625	42811	79868.1015625	54845	79941.625	67437	80002.3828125	15641	80575.1796875	44865	80820.140625	73312	80909.0078125	61748	81186.078125	
23938	117029.8125	29165	125543.71875	39563	125585.9140625	70116	125895.1640625	67096	125972.984375	40908	126231.359375	52447	128539.734375	4042	128702.3046875	12381	128793.4765625	64098	129014.1171875	63119	129044.1953125	63225	129637.2421875	2631	129866.421875	78413	130749.2890625	59671	130837.328125	6419	131263.96875	28096	131804.140625	2182	132307.109375	49509	132807.46875	14528	132818.84375	
45671	70723.5390625	27707	77984.125	14666	80090.8828125	40681	80108.921875	30209	80336.375	26100	80433.421875	2958	80872.3828125	32422	80989.625	11111	81013.59375	62585	81305.7109375	73654	81433.4375	12664	81527.0546875	39785	81964.34375	61621	82295.6015625	69248	82639.875	49477	82700.4296875	59208	82749.2734375	34475	82849.875	15011	83642.640625	68039	83783.65625	
10882	84778.4765625	64066	88168.7421875	18523	88717.921875	17332	89604.9921875	40235	89830.390625	25929	91340.6875	11512	91599.421875	9056	91839.1171875	47668	92737.5	11644	93295.359375	267	93534.4453125	493	93597.859375	48493	93633.5390625	15602	93951.5390625	22201	94292.671875	27944	94399.6953125	25194	94976.375	44363	95033.953125	3181	95113.671875	19008	95162.53125	
16784	59252.26953125	50093	60167.125	9048	63209.875	16752	63717.7578125	67385	65748.6796875	44517	66340.09375	16110	66679.71875	42735	67244.609375	40439	67565.9453125	14202	67929.390625	46749	68373.125	29215	68521.9609375	9233	68595.90625	33098	68870.5234375	8723	69026.6796875	76945	69368.0546875	45746	69656.1328125	10257	69798.25	47797	70265.3984375	56871	70562.734375	
68766	76041.2890625	52997	78039.1484375	74250	78042.046875	29257	78965.6640625	62826	80585.1328125	35729	80697.2421875	67473	80749.0546875	72993	81117.8046875	76714	81716.203125	43975	81720.546875	42717	82233.578125	5397	82557.7421875	11515	82780.6484375	11179	82835.546875	47766	82856.84375	67648	82946.9609375	48071	83346.2421875	7543	83355.6953125	64439	83434.765625	45911	83895.8359375	
56021	63886.24609375	58469	68131.671875	8242	70370.7734375	21745	70884.5546875	48434	70959.953125	13549	71556.828125	44830	71636.8125	28967	71918.984375	19884	71935.2265625	72588	72695.6953125	37050	72770.6015625	16653	73070.3203125	39796	73377.59375	6192	73407.03125	37067	73410.1640625	23133	73460.015625	13325	73716.1953125	56048	73834.6875	46528	74177.8359375	11289	74608.921875	
20529	70840.765625	15682	71754.375	71139	75196.625	42681	75417.8359375	78508	75958.6015625	51831	76340.875	43766	76640.234375	54369	76756.0625	40502	77125.3046875	16199	77340.140625	22513	78020.4296875	1693	78906.3515625	30309	79196.3984375	27488	79219.9140625	23988	79918.25	37566	79941.4921875	53267	80355	25289	81184.3515625	27556	81339.7734375	29117	81429.828125	
72261	66512.7890625	54838	66559.5234375	28023	68162.9375	43659	69235.28125	20908	69922.7734375	53026	70037.703125	17403	70052.625	26611	70080.234375	10350	71309.59375	39224	72190.671875	15905	72418.78125	60390	72440.0859375	24729	72459.71875	59657	73460.484375	60184	73818.1328125	2164	73829.53125	76471	73919.03125	47593	73949.8984375	8202	73963.5703125	25307	73974.421875	
36291	73121.3125	63884	75686.515625	28047	77601.1953125	50499	78652.09375	5479	81046.40625	20268	81117.5859375	5527	82650.4609375	41462	84074.7421875	78720	84136.359375	12398	84860.9765625	67666	86572.9609375	64094	86810.6953125	26877	86881.3671875	70493	86955.9453125	49012	87137.1484375	55732	88657.8984375	48729	89742.203125	6113	89782.125	66268	90055	67990	90677.390625	
31247	122085.5546875	36041	122257.6015625	59585	122814.09375	8338	124405.4921875	76088	124721.0078125	43145	125429.265625	31676	126150.4375	56221	126405.0234375	15889	127330.5078125	55355	127747.1484375	34513	127822.3359375	65202	128328.78125	70395	129185.328125	59190	129514.8203125	1461	130322.296875	19175	130474.984375	20634	130607.9609375	19549	130608.7421875	10322	130696.015625	47224	130828.421875	
62253	81641.3828125	30367	82279.875	13031	83225.2890625	2049	83468.8515625	42385	83920.7109375	5951	84529.828125	17740	84683.8359375	15945	85997.3046875	66147	86681.6171875	70419	86777.8359375	57238	86898.25	21133	87011.9609375	75639	87179.5625	36160	87356.9921875	41544	87734.5078125	13073	87756.5546875	73646	87826.6875	53119	87864.4375	26251	87957.6953125	33989	88537.2890625	
57079	66036.359375	2659	67790.328125	67017	71015.5078125	70886	71351.203125	27852	71586.328125	49850	71634.546875	14042	72746.3046875	51144	72880.9296875	48472	73858.78125	20407	73970.0546875	74863	74161.90625	56831	74316.2109375	1441	74548.0625	35004	74747.3359375	68533	74863.203125	10878	74896.3046875	13746	74904.234375	71991	74992.5859375	63877	75016.5078125	45746	75035.421875	
54272	73567.234375	30969	75766.40625	43022	78519.8046875	19581	80723.09375	56366	80840.53125	62599	81004.734375	2897	81183.46875	64336	81373.4296875	15904	81795.6015625	74086	81911.890625	61241	81923.9375	66890	82215.9921875	16091	82395.71875	39146	82453.203125	75479	82555.265625	34144	82896.828125	60365	83007.796875	5062	83297.3984375	65001	83550.3671875	44878	83555.4453125	
42549	70968.5234375	53088	71384.78125	37437	73127.1171875	45884	76373.90625	72115	76773.8203125	5056	76816.5078125	40153	77127.6484375	14209	77463.703125	64825	77807.75	19702	77828.4765625	3793	78238.78125	73958	78262.9921875	31284	78590.4296875	65243	78728.2734375	43166	78729.7734375	73011	78794.4453125	46392	78986.515625	69370	78987.9765625	50651	79271.765625	53583	79463.578125	
5738	88145.4375	32616	91735.7421875	73597	94331.65625	28314	94424.90625	15697	95684.0078125	69830	96089.734375	72970	96789.0546875	20237	97006.578125	49043	97683.5703125	44525	97740.765625	20945	97944.7265625	40652	98384.484375	26737	98950.8125	20157	99033.2109375	78155	99108.109375	41049	99114.75	28509	99118.328125	51857	99155.078125	15242	99265.0625	23376	99511.109375	
66890	84626.4140625	47402	86927.1796875	2072	86967.9921875	69880	87644.5703125	35367	87944.75	22628	89310.65625	44311	89343.4609375	421	89877.9296875	27041	89934.640625	58207	90408.4765625	31402	90702.2890625	55321	90840.1484375	44878	90896.359375	19437	90974.4609375	26572	91187.5703125	74449	91268.4453125	65776	91316.75	45476	91329.8984375	7242	91419.359375	63571	91508.7734375	
26528	106598.0859375	32987	111266.515625	10027	111527.0234375	5697	111811.265625	33112	112988.5234375	42046	113321.921875	70856	113494.328125	15860	113654.796875	25291	114108.640625	11380	114244.6875	1547	114537.546875	64730	114727.4609375	17935	114971.1640625	53106	115425.171875	26650	115492.65625	32867	115698.234375	16608	115880.28125	21125	115956.03125	78388	115965.1953125	66911	116102.703125	
27743	60964.99609375	24758	61969.83984375	61145	64514.953125	40276	66421.8125	22245	70553.359375	10049	71085.7890625	9441	73269.046875	78554	74261.0703125	20201	74930.5234375	33771	75759.515625	42591	76461.90625	72822	76802.6796875	50996	77692.3828125	38776	78124.8671875	22588	78491.09375	29415	79356.90625	55712	79483.8203125	74907	79643.296875	15299	79804.2734375	19072	79888.71875	
65539	80250.1875	56576	83215.34375	42345	83678.296875	31399	84267.7421875	23150	84346.046875	77123	85343.8359375	49619	85463.8046875	57559	85527.0859375	42321	85825.1875	11052	85847.1640625	78911	86128.765625	25800	86140.6015625	42094	86233.6640625	29804	86448.75	58806	86522.7265625	61844	86615.921875	54330	86630.7421875	59960	86780.859375	66777	86813.703125	74807	87058.0234375	
37060	64185.1953125	41742	66246.71875	1021	73099.9296875	55204	74837.0625	78074	76244.4921875	24379	76335.734375	27388	76570.546875	77939	77669.3359375	75730	78180.28125	7011	78369.234375	21991	78680.53125	28014	78809.21875	19719	78964.4140625	335	79356.9375	28021	79487.6796875	41967	79829.578125	78472	79904.5	5162	79956.4765625	47721	80085.4375	15336	80969.3515625	
51995	75843.90625	76923	77178.453125	71625	77486.2578125	65004	78820.9765625	471	79610.625	44357	79632.1953125	76374	79779.71875	31495	80082.53125	2207	80561.7265625	74420	80628.5390625	75476	81358.21875	76956	81727.1875	13123	82071.3359375	13752	82842.578125	72199	83008.3359375	30904	83118.4453125	13715	83155.0703125	41932	83309.7421875	11568	83420.7109375	3842	83607.6015625	
44096	87117.34375	9244	89566.265625	36579	89579.2890625	70251	91362.4375	31456	93399.78125	54999	93484.78125	68806	94420.7109375	55216	95126.6875	47173	95421.7578125	45545	95504.75	56527	95840.2421875	55259	96290.046875	43212	96317.1171875	63384	96635.78125	45815	96713.5625	63265	96714.765625	44747	97183.8203125	77654	97336.8125	57565	97435.4921875	62726	97531.234375	
47442	70427.828125	4976	72093	39224	73040.25	48341	73839.484375	20887	74265.078125	58710	74963.734375	24144	75028.1015625	78221	75092.46875	76693	75251.3359375	14597	76166.328125	62424	76595.046875	32946	76636.359375	57285	76868.3125	78552	77072.5703125	34454	77160.640625	35688	77182.1171875	4583	77191.40625	15560	77589.2734375	51406	77748.1328125	68039	77797.6796875	
51712	91584.5390625	28856	92910.703125	4899	95013.21875	32464	98333.828125	13477	98488.0390625	9303	99017.4609375	43779	99065.4609375	44113	99463.75	63922	100147.4453125	2551	100379.15625	74740	100535.9140625	72837	100674.3828125	18967	101754.6953125	46672	102394.2109375	39581	102578.0078125	10893	102605.0390625	2956	102721.578125	7375	103436.890625	41605	103950.2109375	67993	104113.234375	
65984	53871.62109375	29495	54912.94921875	63212	56787.77734375	33391	56934.39453125	2225	58039.3359375	16920	58622.74609375	56436	59317.66015625	34660	59478.68359375	41817	59548.5	20848	59640.91015625	32043	59840.35546875	37702	60071.671875	54947	60449.72265625	28647	61269.65234375	66128	61542.69921875	34844	61788.19140625	49889	61791.7890625	70606	61852.9609375	22533	61862.265625	52821	61991.09765625	
14294	94828.4609375	9166	100294.1328125	72750	100744.9921875	54033	101916.671875	9493	102685.1796875	14408	103183.84375	23794	103731.609375	49160	104184.546875	64594	104186.0234375	48068	104312.5703125	43880	105671.140625	77552	105880.0078125	67911	106126.6640625	21938	106701.96875	7643	106773.4453125	27453	106898.578125	32023	107150.4296875	57872	107379.34375	58283	107437.3515625	31941	107504.921875	
9274	81494.84375	36250	81700.75	63874	84522.5078125	59879	86031.046875	75938	86441.1328125	4348	88379.1953125	16608	89882.578125	35170	90489.0625	48017	91575.59375	12791	92498.1171875	78903	93428.921875	10027	93594.140625	39281	93782.2734375	24412	93967.171875	45039	94113.5859375	32966	94325.3671875	32867	94344.125	68328	94464.484375	2910	94501.6875	72251	94539.4140625	
12443	38918.15234375	47142	42244.01953125	15582	42695.90625	19585	43400.62890625	13734	43610.93359375	69107	43656.4375	54866	43853.1015625	50278	44266.51953125	47242	44517.20703125	39165	44624.73046875	49493	44646.21875	47446	45008.97265625	55108	45084.17578125	11852	45503.80859375	28945	45528.2421875	18679	45557.6484375	72154	45657.51171875	56564	45742.73046875	28449	45840.83984375	50989	45866.4453125	
62274	40824.26953125	59237	43161.546875	70754	43481.51171875	35760	44473.375	24032	44556.4375	20156	44794.359375	1088	44823.2109375	72274	45045.94921875	68618	45054.3828125	56049	45583.10546875	54866	45907.875	75995	46433.51171875	61670	46481.40234375	64042	46851.921875	16647	47205.09375	23464	47342.328125	69916	47392.56640625	43188	47569.51953125	64059	47761.0390625	16339	47827.06640625	
43885	100059.5	50477	100150.3671875	74748	100987.609375	10614	102563.1484375	73116	103636.5390625	76626	104723.1640625	49428	105297.9765625	43488	107748.484375	4437	107873.7265625	18829	108491.4140625	54019	108889.9921875	39639	109441.7734375	16140	110124.1171875	11013	112274.984375	25435	112282.1796875	72651	112457.78125	13883	112719.4375	41572	112974.296875	6597	114433.390625	38596	115441.03125	
34103	82974.03125	39579	84130.875	41089	89124.1875	7022	89534.75	9801	90203.8359375	22459	90243.140625	67690	90378.4609375	61076	90747.84375	34843	90749.4921875	1283	91305.5546875	14084	91857.96875	44432	91959.109375	71351	91959.65625	18098	92006.8203125	46076	92019.03125	66673	92027.4921875	43644	92097.328125	19184	92114.7109375	5967	92234.1015625	12476	92331.515625	
16162	95310.65625	70832	95612.1953125	40668	95740.0546875	35855	95778.796875	22361	96982.3359375	5693	97065.390625	58557	97676.921875	78868	97702.296875	52266	97727.5859375	39587	97733.4609375	9719	97748.0390625	27182	97854.7421875	44265	97989.2890625	45842	98147.6484375	58598	98781.40625	17040	99035.2265625	53845	99299.46875	18907	99491.0625	52117	99516.546875	31452	99602.484375	
70690	50231.03515625	10777	50839.67578125	19471	52290.89453125	10427	53795.91015625	78754	54796.34765625	16942	55713.203125	7900	55927.8203125	45139	55978.28125	69280	56338.95703125	7931	56420.96484375	25497	56577.359375	48984	56931.01171875	74860	57120.51953125	18193	57311.9609375	49512	57341.5078125	40210	57908.12109375	74206	58206.73828125	13746	58270.29296875	26062	58384.109375	42097	58515.015625	
32870	88661.1953125	31677	89707.703125	62609	91977.390625	26244	92210.8984375	68160	92455.921875	1418	93019.9140625	50429	93067	72018	93152.7734375	52068	93510.078125	392	93531.0703125	16362	93932.2890625	41643	94020.4453125	1251	94272.984375	74879	94321.125	44542	94475.2578125	57100	94549.9140625	46958	94916.0546875	53245	95173.671875	33203	95254.4609375	69105	95600.671875	
35187	73636.0390625	46777	74307.0078125	78242	77392.8984375	59773	77797.0859375	23618	78174.1484375	55048	78205.0859375	22797	78391.1328125	62846	79012.375	52318	79300.6875	34065	79506.8359375	66861	79677.46875	45649	79915.5625	34075	80006.0390625	75717	80554.2421875	66513	80658.625	9283	82036.7578125	76497	82228.125	69989	82247.4609375	63591	82321.578125	62819	82380.8515625	
9861	103063.9296875	42213	105304.28125	8060	108385.6875	77495	109388.28125	52693	110600.0078125	45339	111977.7421875	20763	111990.9765625	27980	113634.28125	2709	113699.40625	63591	114300.203125	5484	114332.734375	62986	114521.03125	31409	114849.140625	59005	115257.9375	44576	115274.859375	4887	115300.9921875	78115	115841.4609375	27750	116103.2109375	75194	116319.703125	63495	116903.015625	
66652	74369.2265625	9069	75789.3671875	45059	78845.125	6117	79070.28125	23961	79582.75	58980	79727.3984375	6612	80513.2109375	152	80698.53125	45517	81088.7578125	24443	81582.9140625	61601	81751.390625	23186	81757.2734375	60093	81938.1953125	57430	82391.4375	58075	82656.5078125	65386	82658.0546875	64443	82712.1171875	2045	82733.8046875	51857	82865.5859375	71481	82927.859375	
4176	83024.9921875	19131	85241.859375	25476	85676.6796875	19851	86271.8828125	41964	86489.390625	42889	86953.5390625	57784	87176.515625	43032	87815.1953125	65854	87952.6640625	55975	88334.4765625	20676	88597.5625	34756	89077.9296875	14321	89413.078125	23678	89579.4375	13665	89828.4140625	57692	90202.375	3828	90272.890625	27122	90505.3125	78139	90608.109375	52718	90722.15625	
36365	63737.94140625	69803	64650.23046875	64154	65868.328125	56241	66555.109375	37522	66753.203125	27851	69438.21875	14930	71361.1796875	58710	71499.734375	72329	71663.046875	42339	72179.84375	19843	72727.78125	68714	73281.8203125	47650	73375.78125	61228	73562.078125	34897	73565.859375	19531	73628.7734375	39907	73882.1015625	59956	74589.6640625	41925	74717.578125	69015	74728.8515625	
3287	53554.4296875	59297	58994.96875	40356	59423.484375	33821	61005.28125	75571	61590.50390625	2225	61595.015625	32603	62741.4609375	70356	62823.328125	9279	63172.01953125	19620	63233.11328125	26984	63417.78125	9800	63728.1796875	16383	64065.1171875	28057	64499.484375	65078	64969.9765625	60887	65278.921875	16293	65355.73828125	65375	65755.328125	9855	66010.4296875	66477	66395.078125	
18716	51230.66015625	74372	53497.94140625	11432	54394.3828125	25497	54627.3125	18740	55297.6796875	57503	55359.05859375	47002	55934.37109375	26683	55977.61328125	34897	56154.359375	23093	56347.09765625	39106	56387.125	4675	56420.1328125	35806	56436.19921875	30265	56668.28125	45696	56934.2734375	66479	57286.52734375	47929	57336.953125	20327	57454.19921875	59459	57539.23828125	17924	57867.19921875	
58577	57797.44140625	33335	59151.93359375	5911	62278.078125	70853	65724.5859375	42043	66056.2109375	41991	66863.421875	74479	66953.5234375	8309	67988.9765625	64693	68124.015625	45659	68445.71875	15970	68545.1640625	54733	69659.34375	7479	70008.5	28553	70031.3203125	28575	70058.7421875	68684	70089.9140625	21008	70095.234375	36993	70125.0703125	47348	70144.578125	57383	70192.2890625	
6794	87810.3984375	11353	88603.6953125	52545	89843.1328125	15602	90100.3515625	24324	90439.3984375	11551	90493.8125	54578	90994.1484375	22445	91470.3125	37970	91768.0390625	40294	92113.234375	50608	93230.28125	31670	93369.1875	29669	93437.328125	72649	93564.8203125	9701	94254.875	39342	94449.3046875	7349	94498.4140625	7224	94696.5625	46633	94754.3359375	66260	94764.7109375	
9499	106332.2109375	19833	106791.890625	40078	107554.9375	12719	108292.6328125	13031	109834.5859375	18171	110018.5859375	21192	110276.1328125	23817	110450.75	44447	110795.78125	16641	110867.0859375	48595	111373.3984375	33989	111570.5078125	65060	111707.7265625	4262	111938.109375	53647	112164.4296875	12003	112445.765625	38967	112704.6171875	24010	112880.4375	13210	112922.2265625	44716	113040.7890625	
45876	82389.828125	21357	83706.0546875	75104	83996.8515625	17393	84314.3671875	52281	86187.6640625	76340	86328.3046875	33109	86829.0859375	61621	86917.9921875	71153	86942.2421875	64926	87285.7734375	1296	87582.84375	11850	87751.875	23089	87751.875	37831	87838.4296875	25951	87857.109375	5956	88111.9609375	26009	88299.890625	51567	88521.296875	55101	88627.53125	57031	88648.9765625	
63713	99011.234375	50911	100602.140625	69662	101523.3203125	44018	101896.59375	33668	102658.1171875	24843	102984.609375	44055	103560.34375	49424	103578.1484375	53020	103936	50511	104231.90625	18205	104301.8203125	14403	104764.2265625	28276	105326.4296875	37903	106114.4765625	72170	106120.1171875	46448	106172.703125	62824	106449.890625	10695	106548.09375	50532	106608.0625	14175	107366.8046875	
27041	74644.1171875	13363	75509.34375	73958	76391.984375	47967	76777.4609375	50954	77679.78125	77622	78120.2578125	18109	78602.171875	23884	79551.6640625	16182	79662.5078125	74310	80053.7265625	68356	80164.109375	818	80226.453125	69914	80433.296875	70549	80459.140625	54713	80563.53125	39620	80990.09375	7540	81256.453125	8258	81496.078125	44311	81511.0546875	68480	81658.203125	
68439	84900.1875	46148	87507.5078125	27941	88928.03125	67483	89425.890625	18224	89638.6875	79018	91303.3671875	27526	92960.1015625	22526	93651.9921875	48040	95020.84375	71410	95192.3125	32922	95655.96875	48514	95988.2578125	5710	96178.671875	77944	96583.515625	74527	96751.796875	14823	97791.9375	29986	98129.734375	56801	98622.015625	31794	98883.1640625	31694	98962.6015625	
34137	120526.7890625	77097	121553	50104	122186.1328125	56866	122196.75	75966	122329.0859375	27899	122616.71875	29932	122798.234375	18104	123059.3515625	21165	123205.84375	77122	123292.8359375	25117	123340.171875	59537	123965.3671875	17201	125440.4296875	67924	125521.8984375	47463	126121.671875	2625	126244.3125	73838	126365.328125	54872	126638.9453125	44579	126745.1015625	70841	126965.7265625	
33246	97047.9296875	72668	98909.1796875	53667	99541	58572	100096.421875	44270	100716.265625	74818	100772.28125	9562	101595.578125	61759	101752.484375	35203	101770.2265625	63080	101901.3203125	56649	102220.0546875	69836	102980.9140625	51672	103364.8828125	28700	103578.8671875	36770	103705.7421875	52836	103709.390625	1865	103910.4375	47640	104048.1875	75950	104263.6484375	19639	104618.21875	
4074	63866.63671875	2650	68038.9375	78515	70422.3984375	62032	70555.921875	67978	71162.25	44149	71350.3046875	18609	71403.8828125	27316	71516.921875	17054	71564.0546875	54365	71638.4921875	78553	71826.5234375	74325	72183.203125	24236	72234.7109375	56802	72462.2734375	50519	72767.2421875	6156	73141.9921875	27589	73177.015625	47226	73203.9140625	15002	73337.671875	74623	73957.25	
32509	77721.6796875	50768	77858.4921875	66853	78677.25	51358	79374.484375	10106	80828.34375	31209	80871.3828125	69851	81040.65625	55797	81283.296875	23460	81401.40625	25152	81753.453125	7004	82333.734375	61413	82774.84375	14042	83028.8984375	592	83318.1796875	57643	83819.3203125	6668	84119.3125	75198	84266.609375	31079	84379.3515625	47008	84444.6171875	73949	84459.9765625	
77430	81990.109375	54819	83033.5859375	32608	84002.21875	47668	85400.953125	11512	85488.2734375	35893	86083.140625	32263	86084.625	31775	86212.96875	69122	86310.6328125	12445	86921.2265625	72642	87005.9609375	26729	87190.2109375	39107	87272.453125	2870	87502.46875	6794	87729.078125	62739	87750.3984375	78686	87798.578125	53871	87854.1484375	25113	88063.4609375	47152	88274.46875	
72470	105684.9765625	36427	107047.7109375	26423	108295.3828125	18055	108906.984375	66643	109020.765625	11104	109165.0390625	29006	109835.203125	76457	109981.2265625	36246	110691.9921875	71648	111222.4453125	53485	111694.7734375	43642	112297.25	72211	112314.90625	59037	112395.5703125	7555	112419.90625	47311	112972.4921875	68907	112997.2578125	33605	113017.3984375	17821	113021.390625	32033	113292.3046875	
2377	98366.59375	32080	106016.359375	30651	106221.3515625	43278	108185.640625	46530	108718.3046875	45520	108812.3828125	34300	108823.84375	64756	108999.4765625	4871	109091.203125	1075	109273.90625	74283	109352.8828125	32299	109553.4921875	67929	110646.2421875	21076	111141.9921875	68466	111219.5859375	49147	111316.703125	10707	111317.0390625	16373	111465.8046875	2258	111551.6953125	52079	111675.9140625	
55978	93974.21875	14639	94431.53125	41758	96556.2421875	31579	97510.6796875	37914	97792.1015625	6012	98932.484375	55944	99832.609375	20139	100206.0390625	20486	100277.0625	63598	100449.9609375	12025	101449.6171875	62342	102009.453125	51614	102009.6796875	6895	102263.8359375	27849	102448.703125	45617	102574.7578125	49730	102759.0078125	9996	102890.9296875	2639	102917.65625	12881	102948.265625	
55442	56242.5546875	50862	61932.57421875	71843	62163.16015625	72701	62306.68359375	42527	62314.6171875	21534	62347.265625	56835	63038.51953125	50974	63096.1484375	41925	63370.34375	75401	63440.99609375	5638	63751.26953125	78048	64417.984375	27881	64436.4296875	10820	64544.66796875	60478	64671.0703125	617	64690.87890625	48887	65085.0625	47749	65391.1015625	78840	65545.1015625	56241	65602.859375	
33144	103573.2734375	61666	105401.7890625	17653	107531.953125	2447	108346.296875	52740	109216.2734375	48853	109973.21875	32787	110127.21875	66373	110166.6640625	17469	111142.765625	12004	111668.9609375	17680	112214.078125	19317	112915.8046875	21342	112957.984375	17636	113225.28125	10783	113811.109375	50182	113981.28125	1225	114139.09375	15840	114397.28125	11484	114707.03125	43947	114734.609375	
13729	61193.0703125	48984	62021.10546875	10829	64349.61328125	38360	66419.6875	617	66579.9375	59916	66863.1171875	72993	67631.609375	2897	67766.1640625	70690	68199.1015625	48206	68645.078125	65998	68652.046875	71354	68735.9609375	22107	68741.34375	22837	68764.640625	76565	68774.3203125	19581	68880.5703125	5438	68943.0703125	77567	69127.484375	13157	69146.4765625	23805	69346.234375	
12850	97329.9453125	25548	101117.6796875	74959	102102.9375	32157	102926.3828125	17721	103654.890625	45590	105203.0703125	76688	105888.6953125	59022	106394.09375	63306	106666.765625	9314	106681.8359375	59693	106962.5703125	49244	107039.3125	52178	107243.4609375	6771	107349.3515625	46483	107387.1171875	60790	107421.8203125	17438	107432.234375	42703	107684.828125	73118	107704.5234375	296	108073.953125	
8293	83607.921875	9628	87588.0390625	28098	89421.3671875	61946	93004.9296875	69229	93370.4140625	16856	94529.5703125	13215	95324.6015625	23250	95472.921875	5183	95822.0078125	784	96047.484375	77703	96269.84375	78536	96879.6171875	52369	97034.5625	13284	97106.125	31981	98031.34375	41115	98453.734375	42889	98859.3515625	47333	99102.125	33251	99228.7734375	20462	99327.046875	
18720	85223.046875	59186	91377.7734375	23858	93462.6640625	38168	94653.0546875	39727	95844.6171875	6656	96479.6875	60905	97100.3515625	14608	97857.0859375	39926	98470.8515625	13211	99188.6015625	8222	99373.3203125	448	99827.7734375	12222	100163.6328125	65648	100859.9609375	42467	100970.265625	63598	100986.7421875	66247	101801.2265625	9160	101826.7578125	69906	102081.9296875	14126	102309.8828125	
10785	54118.55078125	36309	55633.61328125	38818	56766.5390625	51023	57423.8359375	67399	57699.47265625	35941	58379.95703125	7931	58757.1328125	33558	58829.125	69085	59176.0625	10037	59214.18359375	57360	59463.421875	9313	60102.71875	64586	60425.8828125	39982	60772.58984375	13051	60797.83203125	50064	60815.5234375	52502	61182.46484375	10657	61213.23828125	11195	61445.2890625	65496	62582.55078125	
10574	92213.2578125	54560	92469.890625	71204	95347.0234375	9861	95507.90625	57826	95966.2890625	24992	96160.5859375	11113	97085.5078125	59250	97485.3359375	5587	98569.7578125	62044	98601.609375	18658	98620.0859375	71203	99572.1171875	33811	99787.234375	58308	100070.703125	51095	100252.109375	58888	100388.21875	7529	100425	11947	100687.6015625	75399	101046.6796875	15902	101137.3359375	
71790	61737.96484375	66890	63077.83984375	39232	64072.33203125	10111	64700.74609375	36309	66653.171875	33214	66968.3203125	61241	67305.6875	43022	67314.5390625	75910	67874.2578125	57573	68013.2890625	18655	68177.5859375	28307	68413.5625	13655	68750.3984375	73953	69018.8515625	34144	69150.5546875	72892	69543.546875	53539	69557.21875	67040	69623.6796875	66843	69717.078125	27122	69751.25	
77587	100543.625	12224	103146.8984375	9456	103281.6484375	36173	104233.796875	28512	105417.8671875	24147	105564.1171875	27660	105742.8671875	12854	105915.390625	13715	106137.9609375	35352	106151.734375	25716	106285.2265625	27398	106667.59375	74649	107254.1796875	72538	108669.3671875	21367	108984.6640625	57152	108996.7890625	6667	109040.625	18309	109410.0625	6621	109680.4296875	54448	109729.5703125	
73683	112076.515625	77057	114456.7890625	52929	115308.6796875	56519	115683.015625	48600	116461.7265625	58969	116599.4296875	52071	117782.7734375	39280	117922.265625	61732	118516.234375	40985	118686.515625	22240	118798.1640625	2124	118908.53125	57036	119669.9765625	12084	120052.234375	15090	120346.5390625	62166	120387.796875	78660	120606.84375	42433	120659.6875	17558	120726.40625	41748	120930.6953125	
72009	88862.8984375	78299	89095.6953125	16905	89202.6953125	37314	89619.046875	28960	91615.1953125	77105	92029.1171875	35976	93568.6328125	8999	93841.53125	72999	93864.9296875	76046	94171.1640625	50578	94233.2734375	24117	94374.9453125	10551	94516.0546875	57125	94516.8125	57250	94631.0703125	44702	95026.453125	20549	95345.4609375	71787	95681.9765625	45603	95762.25	11485	95840.34375	
13166	82081.84375	52830	85664.1640625	70173	86958.0390625	16095	87064.015625	65265	87080.5703125	61959	87331.125	77744	87413.109375	40463	88202.1328125	67804	89207.1484375	24754	89297.265625	57	89302.2734375	50903	89510.8671875	64633	91070.28125	40451	91134.140625	2467	91136.328125	61971	91363.328125	36997	91466.171875	75114	91480.1484375	73236	91486.421875	23454	91580.8046875	
26669	88876.90625	41133	90154.4921875	59030	91416.578125	61684	93119.078125	10694	94209.578125	73858	94283.7109375	13043	94780.8203125	34411	95305.890625	8153	95338.3203125	3342	95377.5625	40013	96536.8515625	34142	96556.78125	61306	96646.1015625	57762	96751.203125	66100	96779.8828125	57058	96853.765625	59193	96887.515625	9168	96911.6484375	10208	96930.8984375	10557	97070.5078125	
15257	84380.046875	1674	84421.875	46485	89430.6875	62870	90060.1953125	16581	90686.8828125	10069	91010.296875	1519	91063.984375	9680	91239.890625	27271	91528.234375	21872	92118.265625	72493	92629.1328125	54132	93428.6171875	13294	93720.796875	59797	93915.0078125	22852	94150.3984375	50062	94203.8046875	23179	94320.609375	66522	94354.5546875	66751	94473.140625	69624	94553.484375	
35745	79028.3359375	26729	79105.1015625	20637	79124.234375	28425	79967.1328125	45896	80058.0234375	71961	80133.171875	17201	80253.6484375	47392	80263.6875	43954	80653.25	52086	81352.84375	13592	81580.53125	10080	81581.3984375	73863	81791.6875	58938	82182.625	64495	82203.578125	24663	82295.1484375	6794	82327.9375	74854	82367.2734375	41598	82818.0390625	62739	82819.8828125	
61543	65488.33984375	63017	67286.8515625	11096	69804.796875	76536	71802.3828125	26527	72922.9921875	3840	73283.578125	31173	73377.1875	30927	73724.0078125	61085	73915.7734375	8733	74213.484375	12056	74702.375	970	75058.8046875	69175	75213.40625	2917	75289.390625	10657	75763.046875	41722	75819.4765625	54968	75932.8515625	33752	76041.6328125	24897	76043.625	39620	76073.640625	
19377	74554.9453125	1980	75700.171875	2793	76058.6484375	40065	77236.5546875	34144	78459.4375	38173	78467.8125	46927	78515.2890625	76328	79002.171875	58478	79382.6484375	56878	79930.4296875	43688	80200.234375	43022	80306.0078125	10657	80308.8671875	20326	80413.21875	32852	80709.7890625	69157	80770.484375	67892	80809.9453125	69549	80953.7421875	47499	81074.34375	65489	81342.703125	
14868	64395.56640625	16434	67230.1640625	51309	72866.96875	46945	73333.875	59969	74254.9765625	27329	75404.9296875	76968	76264.375	66543	76739.4609375	56927	76747.71875	30155	77095.0703125	10678	77169.109375	32322	77206.140625	51980	77396.5625	534	77442.234375	63485	77908.796875	58103	78015.9296875	38853	78564.40625	22235	78741.109375	792	78916.3984375	44507	79048.78125	
73343	70973.9921875	44794	75601.9453125	74745	77017.03125	51767	77737.0390625	34091	78312.578125	14682	79321.140625	55279	79618.3046875	15531	80118.3359375	19106	80802.828125	33497	80957.7421875	63111	81194.09375	12489	81468.953125	17230	81771.5	46985	81899.484375	17141	82336.3046875	35200	82450.234375	38605	82547.8203125	4417	82663.8359375	51874	82762.7734375	34854	83028.03125	
40490	77873.8203125	24940	78135.1640625	31261	78216.28125	21534	79449.5625	31402	79960.25	39569	80521.4921875	45315	80609.203125	27727	81065.6875	21711	81279.8203125	47646	81453.703125	76536	81832.0703125	27041	82395.3359375	76174	82422.09375	74733	82512.6171875	14191	83050.7109375	28667	83385.2890625	905	83495.6796875	59385	83766.484375	9905	83960.234375	76814	84147.546875	
61046	98442.7265625	5535	99509.609375	37988	101653.84375	40368	101864.125	5794	102333.3359375	71287	102494.03125	52171	102957.6640625	59286	103128.96875	40545	103590.203125	58572	104050.875	14803	104127.1875	22843	104191.4765625	49683	104962.6640625	31371	105225.1484375	48697	105464.203125	31556	105535.2890625	55235	105651.140625	73227	105668.75	25425	106559.8515625	57672	106609	
41851	118631.28125	7724	119241.7890625	6554	121140.265625	50905	122102.09375	77370	122266.625	16995	122957.7421875	53810	123060.0859375	2852	123271.2890625	62631	123761.8203125	27407	124070.390625	34304	124281.9140625	28487	124997.5625	22866	125005.9765625	17755	125023.9140625	59906	125156.4609375	28289	125166.390625	22222	125183.1328125	50760	125228.5	61336	125318.1484375	32325	125435.1640625	
64394	96166.5078125	48998	97545.5234375	25979	101460.765625	21935	103770.359375	78676	104950.3828125	43985	105415.7265625	20065	105616.4765625	20550	105769.109375	75985	105850.1953125	22604	106522.796875	8546	106718.7890625	34065	106794.828125	75655	106899.953125	32488	107359.8515625	35442	107379.734375	39482	107467.0859375	27481	107521.3984375	23155	107555.09375	9827	108214.765625	55595	108538.4296875	
39231	102296.296875	7111	103458.546875	67595	103940.4609375	53906	103959.453125	69220	104044.3203125	24920	104398.59375	55081	104820.59375	35263	105214.53125	28543	105684.9375	29008	105904.484375	66564	105947.53125	33559	105984.21875	11025	107302.40625	34359	107946.2109375	18407	107979.78125	58512	108849.078125	64713	109747.9609375	27964	109937.859375	12341	110522.5	22606	110619.2578125	
51509	87306.9765625	19232	88683.4765625	33610	90670.328125	57099	91062.1015625	19037	92188.9453125	3608	92219.1328125	59899	92395.9375	48086	92986.5859375	51962	93345.59375	2389	93410.9765625	12065	93889	26725	94283.5	42309	94377.421875	64816	94872.2734375	49946	95056.5625	51701	95242.734375	45637	95271.59375	15503	95302.1796875	70048	95321.5625	13645	95404.796875	
5539	102768.8359375	70173	108154	43191	111943.71875	42020	112258.4765625	78500	112596.2890625	71067	112646.953125	31327	112913.1796875	66872	113786.4453125	57915	113927.3828125	57988	114177.796875	73328	114741.9140625	70841	115271.6171875	67340	115680.28125	42045	115701.46875	61537	115866.8203125	71916	116497.5078125	59314	116630.4140625	74	116999.3671875	1804	117024.515625	52045	117170.5546875	
67382	113094.4140625	38402	114331.96875	34338	115702.75	49906	115729.890625	76961	115814.1484375	22298	117073.359375	3730	117584.90625	505	117679.984375	69426	117705.90625	29801	117811.5859375	76824	117888.5546875	75235	118221.71875	56560	118336.9453125	26049	118400.0859375	24451	118612.5078125	13032	118685.3359375	77124	118821.9921875	9427	118869.265625	35531	118973.875	62053	119298.8984375	
21192	105500.3515625	49287	107753.6171875	52862	108641.7421875	61847	111083.359375	70236	111165.859375	31676	111916.078125	20995	112820.265625	49003	112924.6015625	28419	113021.03125	46224	113068.5859375	58689	113763.4609375	76815	114002.90625	62925	114033.9453125	59366	114440.1328125	41234	115449.546875	6927	115817.78125	61589	116177.8828125	2875	116528.875	21997	116546.1796875	15177	116745.515625	
2419	91500.484375	62642	94442.3671875	5271	95310.5234375	11099	95416.5625	77021	96802.1796875	61583	97625.1484375	60307	97810.9296875	4197	97870.546875	49405	98165.453125	8809	98412.40625	34221	99765.28125	44018	100084.7265625	11137	100103.546875	71142	100105.2265625	40034	100243.640625	37097	100376.3515625	21370	100407.6953125	58526	100530.4296875	4404	100924.65625	68838	101128.6640625	
57207	82488.046875	63151	84721.34375	20520	86009.5625	19472	86368.8359375	54392	86880.4140625	42515	87336.421875	3136	88363.484375	22731	88538.046875	17023	88756.765625	39726	89293.40625	24314	89429.4609375	77976	89480.1875	5656	89528.8125	72634	89760.03125	68218	90197.3984375	13201	90253.9453125	78728	90339.8984375	19453	90348.9375	38592	90356.625	13830	90422.796875	
53733	73767.203125	66972	74553.5390625	31815	75662.5703125	62547	76983.03125	44779	77443.75	50348	78093.3046875	50020	78148.09375	62727	78579.671875	18098	78752.8046875	1107	79236.1328125	269	79664.1328125	13358	79690.2578125	6625	79800.015625	39628	79889.84375	60557	79956.75	40240	80030.9765625	46552	80052.796875	43231	80358.984375	64661	80650.2109375	58140	80667.0625	
52325	61717.1171875	58419	62864.41796875	21272	64773.78515625	37228	64945.328125	900	66661.46875	4997	67267.125	19260	68008.65625	26984	68492.0625	3060	69271.171875	65891	69533.7421875	43672	70202.1328125	18507	70276.59375	53047	70415.1640625	51922	70664.109375	32603	70779.5703125	52511	71557.2421875	51454	71574.296875	6028	71926.09375	65758	71960.5546875	65870	72394.984375	
63625	82638.5390625	44142	86336.4609375	58180	90143.5	43487	92969.9609375	2422	93138.7109375	30761	93335.4296875	34612	93427.5234375	45647	93462.7890625	13031	93469.4140625	19860	93838.2265625	9745	94234.28125	58327	94298.546875	7671	94565.4453125	76601	94567.421875	78230	94607.7421875	29732	94619.578125	26113	95383.3828125	60908	95495.4453125	73137	95508.7734375	6771	95517.65625	
8992	75967.359375	40936	81639.8515625	51831	82493.2578125	77302	82772.8671875	77919	83562.1640625	70654	85224.5078125	22360	85323.4375	15274	85453.6015625	20529	86070.3046875	15789	86280.3359375	73174	86698.265625	38691	86724.6640625	30411	86849.8828125	62959	86878.1953125	8635	86964.8671875	39936	87086.375	57473	87154.953125	52374	87311.9921875	5331	87372.28125	78508	87564.625	
1412	70961.734375	24128	72908.7265625	68044	75855.3125	27793	76124.6328125	76094	76323.328125	43398	76966.8046875	10847	77302.2421875	76418	77679.21875	48297	78021.78125	15531	79495.15625	44712	79571.4609375	52957	79709.125	25353	79778.1640625	9876	79804.6328125	8008	80023.546875	36481	80097.9609375	55546	80805.1875	48649	80882.2265625	1599	81025.8671875	46251	81682.9765625	
37707	88685.3203125	19239	88817.765625	46933	89194.7109375	56205	89727.328125	9707	90472.5	37627	90691.9921875	64490	91089.7265625	26830	91651.109375	76816	92318.484375	53234	92346.390625	58654	92399.2421875	62412	92788.6171875	23513	92788.8046875	63577	92928.125	7873	93611.546875	54492	93892.328125	54884	93894.921875	17580	93960.4921875	14317	94389.3046875	56004	94592.9453125	
17401	78666.078125	9246	81145.8671875	9432	81370.0703125	45534	82232.5078125	78455	82432.2421875	20827	82436.203125	45374	83199.1171875	35165	83453.6796875	15511	83602.171875	65250	83808.1953125	62363	83921.1484375	48207	83944.5703125	12136	84150.0234375	7779	84576.25	75188	84593.8515625	36776	84666.1953125	59564	84674.875	72237	84784.21875	58625	84793.8984375	11646	85160.0390625	
44358	65944.6484375	37968	70499.609375	26733	74872.796875	74816	75897.3203125	51113	75907.15625	39597	76338.0625	66634	76439.1484375	23850	78225.8359375	33461	78530.65625	11971	78661.84375	2811	78719.25	634	78858.2578125	78448	78922.328125	57136	79108.7734375	53529	79333.234375	58438	79454.4765625	37159	79485.1015625	2535	79498.453125	7851	79782.2578125	28175	79838.9375	
20461	56760.3359375	36282	57673.76953125	37968	60722.69921875	10685	62879.5390625	37287	63902.56640625	42623	64953.3828125	69157	65263.67578125	58438	65976.78125	17729	66015.59375	58912	66488.265625	75821	67207.4296875	17345	67346.625	50258	67477.1953125	44796	67908.28125	73909	68295.484375	47527	68574.3515625	59605	68840.921875	74086	68891.6171875	53930	69130.1875	71773	69240.8203125	
40350	76887.3359375	68065	82189.7734375	17370	82598.125	75632	82799.8125	56967	83625.5	53450	84418.0234375	56435	84522.578125	42625	84724.828125	77315	85377.171875	58375	85569.3125	25456	85608.09375	31723	85762.6015625	32809	85865.484375	58234	85954.78125	36027	86216.265625	34084	86278.7265625	41243	86764.9296875	30812	87149.984375	22016	87571.4296875	44996	87619.4296875	
61686	83092.28125	26946	85138.953125	69619	86204.03125	5550	86303	3383	86598.015625	47152	86741.0625	26713	88115.6171875	3418	88313.6640625	28703	88785.890625	39949	88880.1875	18868	89097.5	18999	89144.8203125	39365	89696.609375	11933	90074.3984375	30113	90386.3359375	49677	90438.203125	76273	90546.796875	75286	90804.4609375	19919	90811.171875	76707	90847.2265625	
60341	78526.8671875	20625	78717.796875	11222	79718.5	7760	81169.3046875	68011	81244.703125	52043	81319.5078125	5004	81923.84375	29563	81996.21875	12894	82208.3671875	41192	82715.390625	54948	82778.890625	69929	83389.84375	13012	84243.0859375	58439	84253.6015625	58058	84669.578125	37313	84916.3359375	56630	84927.3125	70692	84932.2265625	58470	84949.9296875	30430	85021.5546875	
74860	49718.56640625	54072	50660.21484375	51768	51298.81640625	55671	51354.58984375	72384	52474.35546875	25497	52951.1171875	25492	53118.4296875	65293	53227.13671875	54817	54585.0078125	66220	54748.328125	6359	54926.29296875	77324	55127.71484375	40850	55365.44140625	6235	55589.359375	26000	55855.60546875	38360	55882.55859375	47002	55910.30859375	2125	56378.45703125	76048	56578.58984375	54990	56666.60546875	
27989	88817.0234375	71848	89359.125	980	90039.8671875	34783	91386.9921875	17571	93362.53125	59947	93689.484375	68015	94182.75	77359	94395.421875	7166	94397.5234375	63532	94669.65625	68650	94997.59375	63700	95614.9375	30425	95714.5859375	52990	95718.59375	31553	96527.4609375	45024	96626.8046875	55757	96664.015625	72055	96929.515625	69646	97096.0078125	34293	97441.46875	
39141	79184.734375	72245	82309.984375	19665	82430.234375	38352	82436.4375	26524	82952.3203125	26173	82991.4609375	49454	83144.7109375	70313	83505.828125	33345	83557.953125	79038	83572.8203125	61215	84233.875	65388	84410.9453125	35605	84793.4453125	48294	84964.9453125	63818	85434.9765625	46607	85620.1484375	57875	85823.3984375	11799	85853.125	8	85878.1875	27149	85921.6328125	
76994	63263.72265625	45061	65994.9453125	2534	67359.5859375	78089	67483.046875	21095	68055.40625	48174	68575.5390625	66942	69085.3125	30712	69800.1640625	25603	69845.734375	68810	70000.875	54062	70937.3671875	56199	71276.4296875	64735	71300.09375	25319	71499.8671875	58085	72942.5390625	35291	73079.6796875	41698	73085.6796875	35337	73153.765625	829	73416.296875	43068	73738.6015625	
3365	92559.9296875	32386	96878.015625	33408	97964.1015625	76553	98522.8984375	38756	98854.5078125	33966	99050.578125	30761	99125.890625	31343	99779.71875	37209	100004.515625	70002	100444.4453125	2049	100447.8046875	20312	100517.6875	47445	100792.65625	53854	100806.5625	73646	100819.9921875	54780	100820.1328125	73137	100854.8515625	73653	101165.2890625	55571	101205.296875	53166	101288.125	
13715	89506.09375	72538	92643.1640625	53944	92798.6796875	42214	94135.21875	40099	94447.5625	30939	94576.109375	9388	94586.8671875	67867	95022.3828125	1272	95023.625	61185	95133.171875	45352	95199.6484375	1912	95503.875	3493	95695.640625	4424	96016.9375	61982	96054.8046875	57314	96190.8515625	63488	96273.1953125	56690	96323.796875	78528	96405.2734375	41448	96532.90625	
25823	60056.921875	22578	60369.3046875	49448	62920.5078125	74829	63721.36328125	17230	64654.1328125	57232	64726.8984375	55144	65888.7265625	56212	66023.234375	17269	67316.6015625	73312	67362.8671875	72100	67374.765625	36309	67557.2578125	62137	67901.3828125	6687	68083.5625	59266	68229.078125	33947	68394.796875	9209	68481.390625	12070	68623	7484	68648.390625	77049	68706.671875	
72965	89179.046875	41904	90271.015625	13612	90359.8203125	34103	91901.0078125	64479	92057.8203125	45896	92344.078125	74785	92453.078125	28371	92563.171875	61658	92725.046875	31045	93506.34375	30765	93773.21875	1465	95086.2265625	63707	95176.1875	11791	95321.8515625	77832	95606.0703125	25454	95940.71875	15374	96074.2890625	72903	96116.671875	56158	96143.421875	44023	96320.0390625	
37463	89135.453125	67485	93377.5546875	47147	93434.0625	15082	94651.3671875	43569	95489.5546875	115	96122.375	32230	96548.2890625	29445	96695.046875	73302	96837.53125	37821	96882.2578125	31150	97630.2578125	1947	97891.4296875	37100	97996.2734375	12158	98203.1015625	62076	98559.015625	77996	98791.515625	72715	99131.0078125	11408	99152.0703125	54446	99262.7109375	60476	99263.53125	
25697	108695.5859375	78079	109364.515625	20292	112412.671875	5325	113231.71875	10269	117311.3671875	39881	117605	41040	117784.8125	13936	117847.5078125	69653	118018.3828125	68017	118078.671875	10409	118269.875	44101	118604.6484375	5160	119036.25	53769	119085.6171875	16076	119320.59375	51822	119323.3671875	1968	119676.859375	31964	119926.9609375	18775	120464.4375	20363	120735.3359375	
43238	31934.7578125	67950	33670.09375	73329	33968.60546875	47323	36165.5625	30	36226.2578125	3901	36618.38671875	40061	36837.23046875	77035	37146.12890625	22775	37392.6640625	22479	37812.3359375	46487	38025.87109375	65422	38158.56640625	38372	38235.7890625	3340	39168.70703125	36209	40028.36328125	42038	40256.41015625	53232	40378.67578125	78595	40408.546875	29704	40757.7578125	32203	40966.546875	
30086	81989.2265625	17479	98214.15625	8067	101965.2734375	23794	102832.828125	1510	102889.46875	60166	103755.703125	29610	104395.671875	75565	105037.9765625	37473	105613.703125	29465	105629.03125	55606	105701.4765625	16671	105727.2265625	1304	105949.4140625	50062	106056.6640625	68805	106062.0234375	78282	106169.96875	64451	106378.6796875	78038	106599.4765625	19667	106747.7109375	52732	107123.8515625	
65769	48421.859375	30558	50081.12890625	5299	52195.1328125	50790	54123.8203125	30549	54451.7734375	53848	55302.28125	12948	56157.22265625	2599	56990.02734375	72527	57241.2734375	46036	57710.93359375	37705	57786.44140625	13029	57872.89453125	37507	57999.03515625	54990	58015.421875	62805	58610.16796875	36778	58839.8671875	31832	59027.12890625	42460	59185.9609375	18563	59304.3203125	52547	59333.3359375	
66355	95530.90625	27931	99091.5390625	12523	99153.2109375	41366	100070.078125	38166	100755.640625	172	100854.671875	71954	102296.1875	61994	102446.1484375	40885	102790.2890625	35702	102849.2734375	23174	103565.9609375	17579	103737.828125	65580	103809.703125	71046	104815.5234375	72609	105348.484375	55321	105557.0703125	53535	105830.9453125	69989	106079.1328125	28400	106372.59375	43467	106497.78125	
38908	96879.3515625	43930	97010.2578125	49155	99615.015625	38395	100933.4609375	66219	102875.6953125	13124	103225.2578125	2325	103253.59375	34108	104404.640625	46607	104598.8046875	67162	104670.4765625	6934	104721.84375	51854	104959.6796875	27571	105248.7578125	31437	105777.3984375	38449	106288.90625	64439	106425.84375	36010	106442.2421875	50364	106661.546875	26210	106878.375	55558	106989.9140625	
77674	89208.53125	27827	89800.2109375	3884	92719.515625	4006	93098.3359375	14153	93293.8046875	58166	93304.6875	27836	93410.0234375	20030	93685.640625	42487	94015.703125	52337	94157.5546875	64137	94227	59591	94260.71875	12928	94294.1171875	73713	94400.84375	53280	94552.140625	62363	94557.046875	67682	94760.8203125	20927	94861.5078125	73343	95028	53907	95229.4453125	
58660	68719.7421875	39215	71256.9609375	71466	71921.40625	30312	72644.671875	6948	72964.9921875	37198	73564.40625	10567	73640.515625	3457	73753.4453125	62959	73976.0390625	56843	74122.484375	21048	74590.75	28224	74715.9609375	11017	74756.9453125	66714	74894.3046875	68722	74971.0078125	78933	75255.125	47841	75900.390625	27056	75913.59375	32395	76124.0234375	1465	76211.828125	
