200 20
42715	1133.1875	9190	1143.445678710938	41715	1145.407836914062	5285	1166.745483398438	87328	1189.03955078125	7374	1190.944946289062	6638	1199.315673828125	55580	1200.342041015625	27846	1200.734375	5630	1213.899536132812	10590	1214.558715820312	53703	1229.845458984375	7412	1231.939575195312	7899	1238.8837890625	52268	1258.447875976562	31008	1259.167236328125	63056	1261.9345703125	56147	1265.738159179688	98946	1267.300659179688	55521	1273.070678710938	
78510	1298.215698242188	45444	1314.191040039062	62344	1317.478271484375	36148	1319.908325195312	76841	1320.286010742188	39887	1337.359008789062	30807	1341.237060546875	55057	1344.739379882812	74354	1354.269897460938	41152	1369.023315429688	69231	1375.783081054688	1000	1384.513671875	94875	1388.141235351562	68262	1393.665283203125	30615	1393.78662109375	23519	1407.900268554688	47964	1408.338012695312	63189	1413.6923828125	4595	1420.144409179688	42317	1429.644653320312	
49365	1382.242065429688	50896	1704.154296875	65915	1806.449584960938	74887	1815.735961914062	50291	1821.742065429688	31205	1839.228881835938	40801	1845.15771484375	9439	1851.61279296875	78752	1878.478637695312	34134	1891.558837890625	23196	1905.236694335938	2512	1918.23779296875	64022	1935.513671875	6828	1937.9091796875	40964	1946.636840820312	96102	1948.19482421875	3273	1958.760620117188	55331	1961.4892578125	81074	1962.29248046875	27752	1965.862182617188	
27477	1080.520751953125	55438	1595.66845703125	66572	1599.148193359375	11565	1624.035400390625	67217	1628.072509765625	74893	1649.445922851562	54080	1660.351440429688	84461	1688.06640625	70906	1697.010009765625	90705	1701.559326171875	20297	1703.716186523438	30740	1707.856201171875	65409	1707.900756835938	56503	1708.4384765625	18534	1710.7314453125	34765	1713.817993164062	52086	1714.961547851562	26939	1724.70166015625	55549	1727.846069335938	62492	1728.676635742188	
2862	1182.403076171875	14148	1436.711181640625	47428	1437.192749023438	68002	1478.657836914062	78255	1482.2490234375	41996	1488.099487304688	88697	1489.771850585938	13348	1519.808227539062	50186	1533.189453125	6376	1539.019775390625	95427	1540.30322265625	79288	1543.682006835938	67921	1544.69091796875	88172	1549.249145507812	11975	1565.45556640625	17061	1570.19775390625	34305	1570.56298828125	31659	1574.641235351562	79342	1581.7509765625	17312	1581.96875	
97941	898.6795654296875	67299	1044.411743164062	92342	1051.501342773438	32628	1080.581298828125	78085	1086.279418945312	1288	1094.239013671875	83416	1095.11962890625	54657	1098.51904296875	82087	1112.352416992188	85076	1113.68798828125	1764	1119.489624023438	46072	1129.695556640625	92836	1129.777465820312	59693	1132.54052734375	34712	1133.738037109375	20508	1134.687622070312	29921	1138.566650390625	77216	1143.310546875	27261	1145.735961914062	65957	1146.659545898438	
26749	1894.149658203125	4435	1999.089599609375	55051	2008.698852539062	5330	2044.806396484375	21570	2050.713623046875	26500	2051.29052734375	61324	2064.948486328125	64882	2067.364013671875	89141	2086.889404296875	69334	2095.6337890625	42314	2114.93310546875	8500	2123.211669921875	67261	2129.92041015625	91271	2133.220703125	9265	2146.91015625	34054	2152.342041015625	96669	2152.984130859375	68227	2157.873291015625	10867	2166.349853515625	84393	2170.06689453125	
95133	1373.978881835938	34450	1400.254638671875	5065	1423.267700195312	32352	1431.876098632812	31225	1469.124267578125	62705	1479.64453125	5514	1486.900756835938	88548	1489.983276367188	48155	1493.811279296875	60364	1508.875732421875	57780	1516.21826171875	82715	1525.051513671875	99746	1540.42138671875	60230	1542.2353515625	72178	1542.722534179688	28814	1544.230590820312	92234	1556.74658203125	7601	1556.832641601562	17796	1563.753784179688	73024	1564.479125976562	
14345	1117.831420898438	60836	1118.76806640625	53833	1120.403076171875	98836	1133.90478515625	85762	1145.2060546875	46202	1147.039672851562	95461	1152.570190429688	74467	1154.949340820312	46072	1157.565551757812	9331	1159.884521484375	8111	1166.7060546875	2071	1167.504150390625	40478	1169.605102539062	53713	1172.925415039062	31301	1174.51220703125	84260	1177.9931640625	61857	1182.854125976562	54059	1182.86474609375	60817	1183.206176757812	3822	1185.464477539062	
96090	1359.1865234375	32817	1727.476440429688	20244	2079.12646484375	47777	2108.307861328125	59497	2126.3125	53824	2173.61376953125	71769	2178.038818359375	25662	2186.777587890625	94518	2188.7939453125	89353	2193.283203125	70429	2196.667724609375	26884	2198.98388671875	52300	2206.50537109375	1217	2211.25341796875	92176	2219.406005859375	38799	2222.4462890625	28244	2228.428955078125	78071	2232.54443359375	78512	2241.332763671875	22456	2242.276611328125	
54193	592.1604614257812	19939	1363.690185546875	16403	1611.474731445312	87520	1621.512573242188	82546	1642.332153320312	20251	1733.051879882812	43242	1861.31591796875	9399	1888.654541015625	5121	1903.817993164062	60002	1907.805053710938	10293	1913.51171875	38440	1977.54296875	54500	1979.582763671875	37149	1980.830078125	76190	1985.330688476562	52920	1987.497436523438	6132	2003.376708984375	6143	2007.554443359375	30394	2014.26611328125	50597	2026.41552734375	
92733	1151.475952148438	90433	1680.779541015625	92730	1735.845336914062	19006	1833.223876953125	88794	1900.685424804688	24692	1991.358520507812	28343	1994.53857421875	66967	2006.303344726562	10952	2059.59521484375	30477	2068.764892578125	63105	2068.916259765625	35868	2070.314453125	75079	2073.804931640625	63784	2098.590576171875	24075	2107.635009765625	38520	2117.554931640625	5425	2118.17431640625	68232	2118.90478515625	83758	2121.722900390625	7222	2126.0810546875	
11367	1353.165893554688	3934	1353.664306640625	7741	1370.285400390625	38069	1374.592651367188	20412	1388.4189453125	33822	1398.290405273438	34200	1402.376586914062	20444	1404.872924804688	17909	1406.96484375	24741	1410.213500976562	91168	1410.281494140625	40799	1412.279663085938	93277	1414.42919921875	12063	1415.219116210938	57055	1417.629028320312	60341	1417.794067382812	74005	1418.721557617188	99144	1419.331909179688	3789	1422.853149414062	56411	1425.96142578125	
93721	1228.790405273438	43793	1274.878051757812	38642	1418.311279296875	33472	1761.946044921875	91276	1990.108276367188	27387	2056.32666015625	49575	2073.29296875	16690	2092.25048828125	53498	2094.6181640625	90288	2097.041259765625	74603	2098.484130859375	35934	2106.93994140625	25695	2108.242431640625	68895	2108.26806640625	25119	2110.29736328125	93704	2116.87255859375	54446	2121.29150390625	88348	2133.791748046875	54441	2134.011962890625	84922	2135.62890625	
99127	1396.197998046875	56843	1506.069702148438	47892	1541.985717773438	16993	1733.892456054688	89570	1754.273681640625	91969	1889.657592773438	56504	1968.17626953125	72018	1973.212646484375	81835	1985.328735351562	87604	2011.953735351562	88771	2016.042846679688	95462	2017.794067382812	30059	2032.746704101562	82014	2034.35693359375	68706	2039.7021484375	24794	2054.798583984375	55100	2057.3173828125	49677	2058.285888671875	3652	2064.272216796875	66133	2066.16357421875	
32798	1174.59228515625	40921	1283.454711914062	54162	1308.70703125	71458	1606.16748046875	43505	1631.057373046875	39371	1727.592529296875	17900	1744.063598632812	59525	1773.800170898438	91709	1799.029174804688	25097	1802.36572265625	32076	1802.583129882812	33311	1804.414306640625	85764	1804.785522460938	68875	1805.459716796875	77941	1809.285766601562	3720	1819.537353515625	41906	1822.583862304688	17646	1825.876831054688	15679	1826.474243164062	14121	1827.802001953125	
99624	1853.593505859375	13100	1870.943359375	31844	1902.747802734375	97873	1908.556030273438	79643	1956.645385742188	23883	1959.497436523438	26295	1966.436157226562	89108	1973.116577148438	31228	1984.830688476562	39082	1985.028930664062	48344	1997.271118164062	63106	1997.298217773438	4511	2002.28369140625	90607	2005.71240234375	20334	2011.41015625	93896	2014.4755859375	6172	2016.054565429688	82179	2025.601440429688	66716	2027.468872070312	77553	2027.759399414062	
90993	1906.5390625	64996	1936.8115234375	63774	1937.702270507812	72297	1939.944091796875	18822	1984.9130859375	53611	1985.294921875	9143	2028.192504882812	13272	2034.094360351562	23425	2035.071044921875	92517	2036.062133789062	37904	2041.68115234375	62458	2041.887817382812	40088	2043.854248046875	1412	2043.87841796875	16424	2044.639770507812	2702	2044.856201171875	64173	2046.155639648438	97354	2047.7529296875	86791	2052.752197265625	61117	2054.016845703125	
11243	714.3738403320312	64653	1289.496459960938	1150	1491.483520507812	38446	1636.611450195312	917	1638.546020507812	48669	1639.227294921875	99428	1646.137329101562	40213	1652.827880859375	80124	1662.853881835938	86523	1663.42626953125	35149	1670.501708984375	90494	1671.669799804688	38685	1682.307006835938	31902	1684.31591796875	73191	1697.403076171875	90888	1713.904663085938	57557	1716.110717773438	40007	1717.13720703125	78230	1731.137817382812	433	1734.896240234375	
23516	445.3493041992188	29312	902.6095581054688	12416	911.5985717773438	74536	1288.498291015625	96517	1471.707885742188	87006	1491.610595703125	95239	1543.104370117188	15125	1558.847290039062	26102	1559.919189453125	3150	1565.412719726562	57855	1567.163330078125	60621	1576.629638671875	52057	1581.39111328125	53526	1581.855834960938	88919	1582.264526367188	72511	1584.885131835938	73075	1585.822143554688	43442	1588.169067382812	7237	1588.505859375	12648	1598.879272460938	
78041	255.5347290039062	98684	2191.068603515625	79696	2241.2744140625	49870	2276.02392578125	22251	2285.196533203125	32651	2308.873291015625	34290	2312.989501953125	55992	2317.933837890625	68764	2317.96533203125	97471	2327.5302734375	95310	2328.293701171875	93420	2333.68408203125	74002	2342.957763671875	74621	2365.365966796875	47913	2382.892822265625	59253	2384.420654296875	11040	2388.98583984375	27020	2395.00732421875	74099	2400.517578125	88106	2401.34619140625	
37083	1093.172485351562	3442	1269.215942382812	41958	1289.816650390625	29335	1393.919311523438	51154	1411.630981445312	51448	1423.753173828125	44990	1425.313354492188	66127	1440.06982421875	60561	1445.93115234375	59985	1471.739135742188	56717	1476.758911132812	81916	1477.327270507812	72165	1482.216552734375	89978	1487.38232421875	70900	1492.947143554688	89539	1507.81005859375	88828	1514.206420898438	19847	1521.406616210938	6459	1529.530639648438	85659	1531.216186523438	
5754	1459.719848632812	87460	1605.234619140625	90230	1667.9169921875	6694	1825.293090820312	72419	1871.291748046875	82941	1917.158325195312	32482	1950.207885742188	29243	1957.04931640625	12680	1981.988159179688	8172	1984.198608398438	75457	1991.053466796875	78477	2004.45458984375	35610	2007.092163085938	28058	2019.918823242188	78640	2021.97900390625	79429	2028.61083984375	49155	2030.3974609375	74177	2040.86865234375	90970	2043.537841796875	12914	2048.42822265625	
23657	1249.784423828125	21868	1367.904541015625	9692	1421.81884765625	348	1757.551391601562	78577	1777.782348632812	19152	1788.24609375	76170	1811.080322265625	59506	1833.700317382812	62016	1837.76171875	80219	1853.51123046875	28862	1853.681762695312	53055	1872.9423828125	4055	1880.712158203125	43955	1885.610229492188	49677	1887.128784179688	73664	1888.417846679688	81859	1891.070556640625	65954	1892.695678710938	25066	1893.402709960938	40755	1898.857543945312	
212	1248.15185546875	35827	1749.37646484375	55786	1753.240112304688	23593	1771.923828125	11105	1786.88330078125	96722	1787.124267578125	73173	1789.977661132812	23265	1794.995239257812	90215	1795.28271484375	77720	1796.97607421875	58330	1803.529052734375	96767	1806.153930664062	38014	1806.808471679688	11563	1808.181640625	54122	1811.528686523438	26334	1835.786987304688	90391	1838.261962890625	9904	1841.895751953125	63325	1849.839721679688	88657	1850.82763671875	
30493	1778.653686523438	97110	2113.947021484375	12289	2152.6494140625	75766	2199.094970703125	46351	2300.066162109375	96319	2314.13427734375	977	2331.811279296875	10725	2361.909912109375	38496	2378.007080078125	50334	2392.599365234375	32557	2403.209716796875	75386	2411.49755859375	79857	2414.897705078125	35566	2426.135986328125	73000	2426.235107421875	52770	2439.73291015625	73331	2441.6044921875	34329	2452.142822265625	18109	2456.218017578125	70404	2459.92626953125	
2166	1138.807250976562	46088	1357.911987304688	34771	1929.014526367188	85273	1959.47265625	79742	2029.814086914062	40284	2052.850341796875	330	2080.710693359375	65783	2107.776611328125	19347	2133.962890625	10860	2138.517578125	23450	2140.268798828125	297	2142.278564453125	97858	2151.762451171875	97321	2157.39208984375	36837	2159.5234375	26751	2162.1845703125	75637	2162.337158203125	50225	2165.68994140625	63813	2166.893798828125	22506	2167.529052734375	
37372	841.3073120117188	18344	955.0444946289062	61511	979.4937744140625	5841	982.55078125	21016	1011.222534179688	30984	1021.190002441406	14769	1026.948364257812	2896	1031.885131835938	39984	1033.927978515625	53401	1044.082397460938	50308	1056.31201171875	77852	1061.35009765625	45068	1066.287475585938	18252	1067.240844726562	94794	1071.436401367188	41276	1078.06396484375	26858	1078.802124023438	77221	1083.1025390625	66775	1086.381103515625	91499	1088.096557617188	
623	1048.544189453125	28439	1087.494384765625	64382	1215.29541015625	54337	1305.771362304688	77460	1347.463134765625	44277	1362.372192382812	64824	1404.257446289062	23571	1445.8330078125	84990	1546.380615234375	97113	1550.875854492188	53860	1576.466918945312	63409	1587.065185546875	52884	1591.680908203125	18534	1606.252197265625	99787	1620.318481445312	62744	1621.145263671875	96945	1622.284545898438	55239	1639.842407226562	97396	1643.131713867188	43774	1646.033081054688	
32006	2492.105224609375	83413	2715.528564453125	55427	2735.820556640625	20651	2745.898193359375	5572	2805.56884765625	4952	2843.9775390625	62489	2847.894775390625	95345	2852.056640625	97259	2883.159912109375	82878	2902.371337890625	26281	2905.088623046875	60669	2909.450439453125	35416	2909.934814453125	52936	2911.265869140625	14774	2911.332763671875	39406	2918.809326171875	33332	2921.0791015625	91544	2948.55126953125	42821	2951.945556640625	8665	2952.296875	
90651	1465.809692382812	60609	1560.241943359375	85373	1566.478271484375	37478	1588.790771484375	6075	1606.341186523438	41556	1628.506713867188	91024	1637.536254882812	79988	1656.126220703125	53041	1666.22509765625	93933	1674.843017578125	39889	1688.752197265625	24543	1691.315795898438	92861	1694.392822265625	51857	1694.498413085938	46718	1699.445556640625	36841	1703.782836914062	46996	1706.536499023438	89200	1714.179077148438	40556	1728.634155273438	82553	1731.373779296875	
64073	1081.424560546875	38096	1524.844970703125	38177	1811.869750976562	9928	1895.890869140625	90581	1945.100219726562	66025	1947.537109375	18037	1972.1455078125	67879	1974.5966796875	3763	1981.73486328125	88029	1989.050537109375	44336	1993.257934570312	15809	2007.876708984375	76903	2011.12158203125	75261	2014.290649414062	75744	2016.298583984375	71360	2021.69482421875	37203	2032.464965820312	13589	2047.667724609375	33753	2064.339599609375	10704	2064.58544921875	
95499	1151.4248046875	85572	1561.73974609375	81942	2624.326171875	90134	2654.969970703125	30070	2693.7509765625	89680	2713.28369140625	22740	2742.833984375	64034	2743.264404296875	84089	2763.367919921875	43242	2773.474853515625	52293	2776.18798828125	63544	2784.66064453125	98185	2787.778076171875	78006	2807.213623046875	91840	2821.23828125	60002	2836.132568359375	65900	2837.864501953125	91341	2850.1474609375	53802	2850.449462890625	69593	2868.8681640625	
58021	1539.853881835938	88594	1581.360229492188	10982	1585.538452148438	71958	1595.50048828125	48249	1619.868774414062	13601	1623.82568359375	70539	1640.135620117188	92836	1655.107543945312	50717	1659.565063476562	87735	1669.902099609375	26008	1671.738891601562	47260	1674.99609375	46602	1679.150390625	80823	1680.452026367188	20681	1683.163696289062	27930	1685.390502929688	2835	1692.434936523438	98195	1699.560180664062	76543	1704.564697265625	31543	1708.466796875	
34431	2236.801025390625	56317	2339.901611328125	74139	2342.0263671875	32491	2343.115234375	52	2346.07421875	34067	2401.358642578125	64896	2428.978515625	75147	2429.6083984375	72678	2455.60888671875	54129	2459.3203125	71775	2459.40380859375	21358	2460.771484375	86869	2462.364013671875	99794	2469.762451171875	30647	2475.62060546875	1283	2486.702392578125	21421	2498.1171875	91783	2508.987548828125	51204	2518.915283203125	95799	2520.040283203125	
48710	1767.565307617188	83720	1769.307495117188	41819	1787.460205078125	7749	1834.009033203125	96745	1862.407348632812	30097	1894.942993164062	70174	1906.147216796875	80313	1922.337158203125	91456	1932.775756835938	3330	1939.667724609375	33771	1943.469116210938	23591	1953.766357421875	38067	1956.912841796875	10723	1975.179931640625	21552	1979.7646484375	54369	1980.493408203125	49553	1991.269165039062	4959	1992.546142578125	84134	1994.793701171875	39446	2006.688842773438	
92459	1950.350708007812	3344	1980.221435546875	74553	1998.458618164062	61946	2007.302124023438	87969	2010.46044921875	94549	2020.945068359375	91056	2049.359619140625	73865	2051.839599609375	12073	2058.487548828125	94133	2073.644287109375	20560	2081.108642578125	90494	2092.380126953125	31902	2092.6220703125	55355	2094.7919921875	10363	2118.365966796875	30020	2121.74609375	67985	2125.849365234375	49734	2136.11474609375	73165	2138.1259765625	97023	2139.237060546875	
3652	1505.5859375	72479	1520.305541992188	54862	1521.055908203125	56889	1532.17919921875	36905	1532.728271484375	88718	1544.050170898438	28643	1557.071655273438	8253	1557.342651367188	29392	1559.373291015625	23810	1565.348876953125	14055	1565.55224609375	71194	1572.461181640625	65378	1573.858276367188	20188	1577.06494140625	97772	1577.847534179688	40755	1580.04150390625	488	1581.98193359375	88413	1587.652709960938	6958	1591.802124023438	24700	1592.63427734375	
66170	3321.5322265625	2037	3502.97021484375	1832	3515.63818359375	73333	3561.531494140625	62947	3578.923583984375	99439	3590.1962890625	56904	3606.27197265625	76270	3626.714599609375	33178	3630.01513671875	62513	3635.39013671875	13137	3638.480224609375	86029	3641.692138671875	10149	3643.5234375	69992	3645.086669921875	265	3647.664794921875	41735	3648.748291015625	40732	3649.922119140625	75337	3650.130859375	4137	3650.7783203125	23937	3650.818359375	
75502	1609.701171875	34726	1646.858276367188	16402	1661.387939453125	79456	1687.54345703125	24039	1707.766357421875	87412	1721.0869140625	44142	1740.9072265625	87555	1755.852172851562	5639	1770.119506835938	64108	1776.015502929688	81281	1784.250244140625	66914	1798.6708984375	39657	1799.172607421875	35643	1818.794067382812	54602	1820.938720703125	8783	1828.503540039062	57557	1847.482299804688	53642	1847.49853515625	57421	1849.174926757812	55521	1849.419311523438	
26034	1579.479614257812	86080	1987.06396484375	61241	2065.415771484375	69810	2068.07470703125	30498	2161.870849609375	53122	2181.36279296875	85003	2183.476806640625	78562	2189.817626953125	75614	2222.40185546875	88362	2224.6181640625	68365	2254.78955078125	7698	2262.341064453125	25742	2264.793212890625	3548	2272.064208984375	61506	2273.32177734375	15545	2306.7080078125	56006	2310.46240234375	59281	2318.789794921875	37737	2325.006591796875	77291	2331.224609375	
56009	1439.57080078125	18502	1491.083862304688	39984	1531.363403320312	48881	1553.084716796875	57328	1591.9013671875	70940	1606.60205078125	421	1609.353271484375	72609	1609.400512695312	12635	1615.6064453125	54203	1621.001831054688	26963	1621.692993164062	15424	1623.137084960938	8014	1628.307739257812	21436	1629.436401367188	28276	1631.235717773438	88295	1631.285400390625	40358	1632.38623046875	97106	1636.899536132812	11257	1643.497436523438	66563	1648.5078125	
98274	1459.65576171875	98850	1668.867553710938	33343	1969.360595703125	93189	1976.274047851562	82268	2001.507690429688	25293	2051.220947265625	18120	2052.43994140625	36905	2068.705078125	15888	2072.927490234375	32839	2101.761962890625	43787	2107.736572265625	86073	2115.37890625	48110	2118.9951171875	39654	2121.346435546875	93259	2124.527099609375	84638	2132.157958984375	3030	2133.578125	67269	2134.205078125	98111	2141.876220703125	28343	2142.30419921875	
59771	1385.232788085938	77832	1417.112548828125	35779	1419.611938476562	28692	1521.079223632812	52960	1532.603637695312	25687	1749.256103515625	21013	1777.337890625	49363	1892.432861328125	15407	1932.94775390625	76670	1950.899536132812	47194	2013.094360351562	13529	2014.973754882812	96097	2015.589965820312	54204	2023.485595703125	85485	2031.484619140625	49987	2033.015014648438	48775	2036.8291015625	48289	2051.024169921875	49866	2056.059814453125	26920	2069.33349609375	
45966	1159.482177734375	13678	1419.530151367188	36056	1438.874877929688	80177	1442.938354492188	64689	1445.106567382812	40815	1454.284057617188	99082	1478.71435546875	21967	1499.352905273438	3296	1499.540893554688	75067	1508.09619140625	20511	1511.442016601562	59524	1536.319580078125	51861	1542.722534179688	55719	1543.225463867188	76171	1546.390991210938	33202	1549.674194335938	14031	1552.299560546875	49957	1554.438842773438	38245	1559.400146484375	3789	1561.506591796875	
54637	1261.000732421875	607	1648.269653320312	80724	1692.489868164062	20811	1693.588500976562	8532	1696.673217773438	29003	1697.177124023438	40356	1698.580322265625	37886	1698.6103515625	77246	1700.855102539062	71630	1703.632934570312	75682	1704.3271484375	40703	1708.53564453125	38067	1710.94384765625	47261	1714.692626953125	86791	1715.488037109375	20412	1717.014282226562	83557	1717.97265625	16612	1718.707885742188	20391	1720.816650390625	39867	1722.634033203125	
95046	1413.299682617188	9194	1703.550170898438	87885	1824.1181640625	89931	2079.55419921875	31086	2192.58447265625	64202	2215.582275390625	90962	2259.0390625	45979	2278.169189453125	37095	2287.02392578125	94377	2324.120361328125	37853	2371.635986328125	86671	2374.601318359375	90616	2374.64453125	59307	2377.1748046875	19275	2384.8251953125	18127	2391.77880859375	13398	2400.401611328125	79622	2404.633056640625	7548	2412.843017578125	21080	2413.551025390625	
39092	1513.047607421875	73	1662.856323242188	16135	2147.70556640625	5699	2166.38427734375	83202	2175.513671875	15047	2410.095947265625	11581	2425.8544921875	39355	2540.053466796875	20801	2540.701416015625	87761	2575.288330078125	91682	2578.087890625	66955	2589.059326171875	71858	2591.848388671875	69172	2597.2685546875	7347	2598.238525390625	24958	2599.48681640625	26134	2600.068115234375	20554	2606.673095703125	72928	2613.22607421875	48229	2615.38427734375	
48811	790.978515625	73964	1233.192626953125	67958	1778.945190429688	82400	1802.142944335938	47440	1808.0458984375	47964	1810.220947265625	37853	1811.627685546875	35828	1820.895385742188	16854	1821.267700195312	39763	1825.712768554688	97856	1828.692138671875	40804	1829.308837890625	62427	1832.546875	29669	1832.94384765625	88620	1840.314697265625	65345	1844.90185546875	20063	1849.202514648438	48457	1849.433715820312	29839	1857.463623046875	30057	1860.316162109375	
66858	737.6171264648438	53597	1894.612060546875	9879	1902.718017578125	55355	1951.295776367188	38422	1953.37890625	29392	1959.19677734375	92782	1960.97119140625	2721	1961.961059570312	40732	1970.440551757812	40755	1984.07763671875	58954	2001.720458984375	8961	2001.968994140625	1903	2006.278442382812	46188	2008.556884765625	18003	2018.195434570312	56889	2018.448364257812	9804	2018.998291015625	25151	2021.185546875	35153	2023.68505859375	8342	2024.110961914062	
60531	2660.639404296875	73276	2827.338134765625	43482	2856.4423828125	59965	2903.9697265625	19020	2928.626220703125	77905	2929.988525390625	24218	2954.960205078125	55314	2959.3681640625	40554	2961.870849609375	29960	2962.5947265625	15149	3002.06884765625	74985	3008.5654296875	51549	3017.217529296875	56368	3036.2265625	20156	3039.850341796875	94786	3059.714599609375	95414	3069.53759765625	45756	3076.446533203125	43310	3077.453857421875	48303	3082.78857421875	
76040	1927.9248046875	74354	2004.677978515625	9941	2005.974853515625	68442	2017.43994140625	60254	2018.041870117188	23517	2033.014282226562	76841	2045.56640625	40941	2059.901611328125	36960	2064.8671875	27045	2066.0625	47010	2069.4482421875	94396	2069.6953125	4595	2073.07373046875	68404	2076.80908203125	9540	2085.24267578125	47604	2088.366455078125	13263	2090.605712890625	25298	2094.041015625	85883	2096.928466796875	50097	2099.170166015625	
56709	1452.617309570312	56598	2768.82568359375	26561	2782.8466796875	15293	2784.7705078125	71118	2787.764404296875	26931	2790.4931640625	31376	2791.25830078125	36038	2792.142333984375	61494	2793.511474609375	49026	2807.3349609375	18199	2816.819580078125	70433	2817.25439453125	37991	2826.673583984375	18444	2827.8642578125	60815	2840.896728515625	33332	2852.15576171875	66158	2854.87890625	78150	2865.034423828125	92945	2869.367431640625	2598	2875.7744140625	
67017	1318.761596679688	95427	1544.3623046875	67393	1560.763305664062	60607	1562.8125	78255	1568.982177734375	73684	1594.259033203125	99618	1596.361450195312	49041	1614.043334960938	58839	1621.040771484375	81435	1631.782104492188	1227	1637.540893554688	41996	1638.143798828125	88172	1640.849731445312	74381	1644.392578125	46470	1650.938842773438	8694	1657.078735351562	17312	1657.197631835938	6376	1666.202514648438	45444	1668.411254882812	75226	1668.742919921875	
16581	1069.136596679688	76788	2172.635009765625	17234	2318.391357421875	87884	2362.900146484375	55216	2418.66015625	89178	2422.984375	73761	2423.1689453125	33078	2437.86328125	19172	2440.72607421875	85636	2444.2734375	54476	2446.58154296875	19104	2448.555908203125	98532	2451.544189453125	43408	2451.6298828125	74772	2455.482421875	19159	2460.88525390625	96992	2463.988525390625	23581	2465.301513671875	55100	2475.743408203125	51863	2478.0439453125	
58778	1496.716430664062	80924	1556.85546875	24168	1841.505859375	64083	1934.202392578125	71608	1975.364013671875	65954	1987.317993164062	4796	2008.106811523438	32846	2052.101318359375	67269	2072.372802734375	17431	2079.537841796875	68001	2081.730712890625	32461	2083.98974609375	10952	2084.872802734375	25151	2086.17041015625	35505	2088.0322265625	80264	2088.19677734375	59061	2094.853271484375	21707	2099.848388671875	2720	2100.80322265625	40755	2101.97705078125	
97698	1393.526123046875	86697	1510.187744140625	18310	1519.433471679688	25723	1533.397583007812	2280	1545.179565429688	94302	1550.827514648438	95958	1556.236450195312	49708	1561.30810546875	49890	1561.58544921875	12929	1567.744262695312	68895	1568.982788085938	33626	1570.306640625	67664	1573.087036132812	32501	1582.513549804688	1412	1584.1748046875	34477	1590.445190429688	59946	1600.175903320312	45270	1600.977783203125	95420	1602.962524414062	78709	1603.171264648438	
68404	2131.6806640625	6251	2175.9169921875	70126	2180.130615234375	23031	2193.298828125	76841	2194.7373046875	17563	2195.640869140625	17729	2207.4560546875	76849	2209.5107421875	2930	2213.391845703125	46334	2238.301025390625	46457	2240.6337890625	45444	2247.906005859375	46069	2248.13134765625	11055	2257.925537109375	88340	2258.33447265625	67921	2259.81005859375	34542	2259.869140625	62575	2260.837890625	94875	2270.346923828125	55057	2272.74755859375	
66583	1790.991333007812	68271	1821.239135742188	46240	1826.759643554688	67263	1915.862426757812	80179	1928.060180664062	93612	1928.633666992188	21969	1946.255615234375	287	1953.323364257812	67797	1980.47314453125	91238	1985.12744140625	12748	1986.560546875	93400	1994.499633789062	24293	1995.521728515625	4441	2006.507202148438	51992	2007.749755859375	45985	2011.171752929688	66979	2016.490966796875	65672	2019.045043945312	35774	2026.492553710938	39819	2029.400390625	
79671	717.553466796875	66792	1109.766235351562	86549	1134.8779296875	81415	1149.1640625	8676	1180.119873046875	97277	1190.444091796875	36704	1196.432250976562	68308	1207.997924804688	90077	1209.203491210938	99049	1211.216796875	55687	1215.768920898438	48162	1216.047241210938	86983	1219.644165039062	62844	1220.427001953125	27998	1231.6103515625	56614	1236.533813476562	68467	1237.556030273438	76594	1244.69921875	20749	1247.974365234375	79242	1253.068237304688	
14772	1206.666870117188	21447	1280.294067382812	75413	1294.576782226562	32997	1304.112670898438	12737	1560.385498046875	62531	1578.499267578125	93687	1663.5859375	32189	1674.557250976562	58139	1968.155029296875	63751	1970.286010742188	27850	2076.310546875	99058	2102.490234375	64423	2138.514892578125	76977	2163.30419921875	94961	2192.28271484375	8478	2194.24365234375	99724	2229.587890625	38782	2231.2705078125	35037	2238.90771484375	27745	2241.4658203125	
9345	1311.087768554688	96159	1353.86669921875	39643	1382.58740234375	90099	1385.818481445312	76654	1395.737426757812	32224	1396.899047851562	95807	1397.661254882812	63323	1420.972534179688	7688	1422.167724609375	29264	1428.329833984375	30714	1429.220825195312	49413	1429.263427734375	55360	1437.703002929688	43452	1438.44921875	14667	1470.254028320312	32531	1471.386108398438	80610	1471.731323242188	73094	1485.1376953125	51127	1496.32421875	89539	1497.892211914062	
98191	914.846435546875	1705	1240.292724609375	52424	1455.945068359375	38427	1689.928955078125	80789	1730.353759765625	26057	1818.741333007812	58571	1880.800048828125	80213	1971.79638671875	84868	1993.384765625	27195	2011.912475585938	94792	2017.603271484375	43380	2022.503173828125	4753	2034.820434570312	88090	2035.5126953125	46235	2037.215942382812	8969	2038.070922851562	36740	2038.506103515625	87375	2045.869506835938	15436	2046.267333984375	90304	2053.949951171875	
55355	1172.382568359375	73865	1228.782348632812	31902	1260.331298828125	90494	1305.9453125	10952	1311.739624023438	12648	1315.9228515625	52507	1339.0888671875	87969	1349.567749023438	21665	1353.81982421875	55221	1355.32470703125	61946	1360.982788085938	15888	1392.626953125	83758	1399.080078125	28343	1408.186401367188	79741	1411.080078125	67269	1411.218994140625	15986	1415.163208007812	98532	1416.432495117188	59061	1417.058959960938	28643	1420.666381835938	
14879	1785.278076171875	5788	1929.257934570312	49047	2045.660766601562	50898	2130.734130859375	35685	2206.09423828125	49424	2265.12548828125	90970	2307.83251953125	8399	2310.150390625	79429	2322.002685546875	84916	2392.034423828125	14774	2413.357421875	85635	2430.9580078125	13502	2434.718994140625	6694	2452.11328125	75456	2454.2265625	40783	2458.1591796875	61809	2486.61767578125	8938	2505.98388671875	33075	2506.488525390625	294	2515.188720703125	
27140	1403.684814453125	1566	1663.745483398438	78721	1701.750854492188	40470	1734.692504882812	43779	1739.3369140625	89301	1753.072387695312	49390	1757.417114257812	12725	1795.450073242188	60941	1803.4189453125	75852	1809.089233398438	89324	1810.750122070312	34154	1828.165771484375	10307	1828.981079101562	67261	1829.510009765625	73920	1831.633666992188	46799	1832.629516601562	26543	1834.295776367188	50864	1834.661010742188	18344	1844.02001953125	75498	1846.772094726562	
39371	941.1647338867188	25477	1000.595336914062	46945	1047.296508789062	37935	1144.622192382812	83354	1165.583984375	97347	1170.464477539062	64062	1190.375610351562	1370	1230.67333984375	66025	1248.71728515625	62495	1270.476318359375	63694	1274.114624023438	1223	1290.803955078125	80130	1292.243041992188	34320	1298.473388671875	21310	1324.533935546875	37203	1325.121826171875	37226	1327.7138671875	90881	1330.928955078125	61970	1334.289306640625	49519	1334.589477539062	
20853	1744.145629882812	12126	1746.221313476562	17729	1755.67138671875	74504	1763.934204101562	78784	1789.340698242188	48271	1791.927490234375	69823	1795.120361328125	4658	1804.52099609375	80175	1810.209716796875	94875	1816.611938476562	33980	1822.846435546875	5030	1823.589599609375	19257	1830.994262695312	93469	1831.663452148438	582	1833.528564453125	37230	1834.682861328125	57893	1835.671020507812	41152	1841.35986328125	8034	1845.513427734375	55057	1851.995971679688	
41218	2300.305908203125	58391	2395.258544921875	82817	2431.012451171875	83157	2452.104736328125	52317	2492.901611328125	31961	2510.10546875	60932	2522.1494140625	24688	2534.7578125	71540	2540.1845703125	42693	2543.581298828125	73471	2564.18359375	93187	2573.15283203125	65674	2591.634521484375	41574	2597.205810546875	71480	2601.322021484375	84157	2603.548095703125	57778	2618.330810546875	69964	2623.540771484375	5836	2637.056640625	50161	2653.55517578125	
94037	2441.259033203125	46219	2466.053955078125	98440	2550.797607421875	97055	2573.63916015625	31458	2589.27197265625	27158	2607.616455078125	66025	2622.704833984375	42793	2630.00146484375	12153	2630.853759765625	1096	2660.427978515625	4175	2666.7216796875	42498	2667.2109375	50846	2668.57373046875	39371	2669.33154296875	86862	2672.40087890625	5581	2674.96484375	54022	2678.541259765625	36363	2687.00439453125	57700	2700.4384765625	90306	2702.21923828125	
68644	1421.906127929688	49385	1552.38720703125	39879	1713.69775390625	35159	1831.265625	12558	1851.636840820312	67576	1870.31201171875	46915	1882.995727539062	83141	1960.613647460938	73244	1985.864501953125	6417	2001.513916015625	79889	2009.868408203125	56800	2039.23828125	566	2047.01318359375	66990	2066.856689453125	60007	2070.569091796875	30114	2083.165283203125	22966	2093.956298828125	43690	2170.31005859375	16075	2189.610107421875	94184	2203.841552734375	
74354	1520.850463867188	919	1555.488037109375	62575	1586.426147460938	1227	1586.523559570312	42085	1616.623657226562	45444	1618.297607421875	76943	1627.183471679688	39887	1634.138305664062	50097	1653.486328125	4595	1654.0546875	82172	1656.1416015625	36148	1662.70166015625	38075	1670.815673828125	67495	1671.31982421875	91098	1687.3505859375	64995	1702.09423828125	47504	1708.50927734375	72046	1714.479858398438	98222	1717.16455078125	68262	1717.240234375	
1135	1001.310668945312	1307	1290.576171875	39643	1344.313598632812	50820	1354.252563476562	9345	1373.261108398438	74422	1383.971801757812	20208	1391.606567382812	90099	1393.901733398438	25765	1394.951293945312	822	1402.080200195312	8446	1406.396850585938	91031	1411.014892578125	69263	1417.484741210938	97393	1417.74609375	34534	1425.391235351562	28615	1427.055053710938	40112	1432.049560546875	96159	1435.927612304688	16164	1436.897705078125	22158	1441.280029296875	
88718	1582.581176757812	73452	1584.485107421875	6958	1593.764770507812	72479	1598.10986328125	92697	1603.760864257812	84605	1605.107788085938	86073	1606.06005859375	59985	1610.443115234375	23810	1611.351928710938	33419	1622.444458007812	56889	1627.315307617188	97772	1632.303588867188	5971	1637.005493164062	63287	1650.603515625	25151	1652.822387695312	65378	1655.692626953125	4634	1657.571166992188	23873	1658.189697265625	37491	1662.431640625	20188	1662.883666992188	
33605	505.1960144042969	44680	517.7576904296875	38460	631.3485717773438	68867	751.0253295898438	31164	937.63427734375	12885	1143.605224609375	93277	1165.95068359375	10201	1167.616821289062	9307	1171.116088867188	3296	1178.76123046875	10860	1180.361328125	74347	1183.582275390625	3548	1184.342895507812	81940	1187.041748046875	64420	1189.647827148438	77495	1192.239868164062	32818	1194.720092773438	67664	1198.25	4048	1198.609252929688	39972	1201.332153320312	
876	2021.686401367188	2561	2049.024658203125	60090	2129.4794921875	84736	2154.803466796875	58697	2163.3505859375	94621	2166.447509765625	60770	2176.916748046875	47129	2177.87744140625	28705	2181.396240234375	820	2182.684814453125	28419	2191.6025390625	42612	2197.874755859375	79135	2198.12109375	30509	2206.50830078125	91400	2207.85986328125	9210	2213.494384765625	51739	2214.644775390625	15545	2223.534423828125	50683	2226.26416015625	49957	2227.027587890625	
22111	744.900634765625	86236	1382.348388671875	66563	1447.811767578125	52428	1473.985107421875	19218	1496.008666992188	84794	1514.843505859375	4435	1532.025756835938	38069	1532.050537109375	12635	1534.000366210938	68217	1535.945922851562	57589	1546.192138671875	95142	1547.393920898438	50481	1548.087524414062	26807	1555.65478515625	41639	1555.689575195312	8702	1560.42333984375	10934	1561.686889648438	29621	1563.738159179688	83432	1563.749389648438	27875	1567.497314453125	
26399	1077.75927734375	44603	1488.832397460938	5678	1586.395629882812	88172	1587.204833984375	81435	1608.060913085938	21435	1611.123168945312	14080	1635.889038085938	12963	1675.04296875	49028	1682.96044921875	25178	1684.000610351562	81928	1691.827392578125	91347	1694.579833984375	78255	1700.721557617188	63363	1715.487060546875	50186	1721.836791992188	39420	1740.092529296875	36025	1741.778076171875	41996	1747.665893554688	79288	1748.195678710938	47560	1749.375610351562	
54237	447.3712158203125	40695	1802.079345703125	65866	1824.414672851562	4195	1853.956298828125	91401	1867.08056640625	32592	1869.35546875	36701	1908.262329101562	71468	1950.484252929688	23016	1967.4267578125	39337	1988.354370117188	68051	1998.016235351562	15173	2073.370361328125	48022	2091.76025390625	39342	2092.435791015625	57765	2093.04150390625	71027	2116.7392578125	63998	2117.1728515625	80219	2124.347900390625	88749	2124.633056640625	41171	2130.379150390625	
68191	2234.090087890625	67501	2738.45263671875	22403	2740.10595703125	52718	2779.555419921875	55985	2798.933837890625	90222	2804.907958984375	31659	2821.079345703125	4749	2823.6103515625	93201	2824.623779296875	17061	2826.751953125	59660	2834.435791015625	24723	2839.36181640625	23260	2840.91064453125	41996	2842.580078125	91756	2843.19873046875	28545	2843.888427734375	95522	2844.56787109375	53504	2855.000732421875	32036	2857.787841796875	9420	2858.386962890625	
49008	1783.374389648438	42715	1790.024536132812	10896	1790.780517578125	85094	1822.260986328125	20705	1834.838134765625	66958	1836.208374023438	53426	1847.977783203125	88100	1859.769287109375	97149	1861.912231445312	23878	1871.527709960938	94930	1880.371215820312	40309	1880.543212890625	43811	1883.221923828125	18879	1884.440795898438	11023	1889.75390625	32892	1893.162719726562	60397	1897.29443359375	31856	1900.321044921875	7412	1900.528076171875	49616	1900.933959960938	
62537	1858.538940429688	93962	1869.006469726562	82528	1953.87841796875	28862	1977.076171875	64244	1980.581176757812	57487	2028.963256835938	71580	2032.883178710938	19329	2036.00390625	8505	2043.605346679688	39701	2051.55322265625	83060	2054.0458984375	7231	2064.7548828125	64766	2074.158203125	42016	2081.24169921875	92131	2084.995361328125	21549	2093.478515625	36414	2098.350341796875	68088	2098.8388671875	41781	2112.422607421875	50644	2113.54248046875	
12537	1818.458374023438	97441	2005.694702148438	31617	2212.856201171875	90636	2259.13330078125	70842	2325.864013671875	74753	2357.16748046875	83374	2362.4619140625	94321	2384.507568359375	18856	2399.325439453125	9431	2408.291748046875	60767	2415.28125	84445	2428.9296875	34526	2430.459228515625	85178	2431.8779296875	16791	2437.039306640625	1882	2445.69775390625	28026	2452.34619140625	16286	2454.9404296875	23334	2465.9658203125	11444	2466.03564453125	
5890	1097.281127929688	53498	1140.0693359375	19685	1164.743774414062	53369	1166.693237304688	98652	1172.443603515625	44071	1175.3935546875	7976	1192.98486328125	99568	1200.867553710938	95420	1206.369384765625	22942	1218.374755859375	26157	1224.158447265625	85818	1227.64208984375	40801	1228.86572265625	98496	1234.244262695312	45555	1241.8623046875	90099	1242.097412109375	2028	1243.249389648438	70665	1245.013671875	33340	1248.377807617188	59946	1256.3681640625	
93243	1224.977172851562	14918	1552.142700195312	65598	1588.265991210938	21918	1614.6318359375	89395	1617.5791015625	19823	1618.781616210938	17729	1702.185913085938	5708	1705.25244140625	93601	1705.773193359375	97395	1716.834838867188	82692	1717.19189453125	76945	1720.442138671875	33108	1736.175048828125	42317	1740.383911132812	92250	1741.657592773438	81150	1747.977661132812	24001	1748.074340820312	93469	1752.254028320312	11988	1753.1591796875	11944	1757.323486328125	
10860	1174.560302734375	95958	1249.452270507812	28719	1278.491333007812	15227	1280.823608398438	84855	1283.153930664062	51179	1326.884643554688	20117	1339.668579101562	49886	1340.061157226562	12885	1342.022338867188	74342	1344.042358398438	97858	1345.282470703125	9849	1345.6240234375	42588	1347.113525390625	30618	1354.002197265625	91484	1358.730712890625	35927	1365.887573242188	55913	1369.298706054688	2674	1378.000732421875	43409	1383.173583984375	54452	1385.576049804688	
23175	1277.822021484375	30813	1284.035400390625	27103	1759.297607421875	31867	1764.400756835938	26923	1814.749267578125	56538	1819.9609375	12801	1837.0283203125	88491	1844.221801757812	82780	1849.585327148438	34943	1863.734130859375	56815	1869.5517578125	11137	1869.824340820312	12613	1870.09228515625	1379	1871.127685546875	44919	1872.782958984375	84576	1875.640747070312	45925	1877.750244140625	23034	1881.13134765625	52058	1887.29150390625	13895	1890.897094726562	
68262	1432.39306640625	68002	1435.88818359375	67921	1453.96142578125	76040	1460.290405273438	14148	1485.947875976562	40941	1488.566772460938	88697	1491.351684570312	13348	1526.253295898438	45444	1529.377319335938	62575	1542.1640625	25819	1549.925170898438	9941	1558.186401367188	44750	1567.140991210938	4595	1569.522583007812	17917	1573.54150390625	35857	1575.7001953125	58755	1579.775268554688	38075	1581.031616210938	24755	1589.081787109375	74354	1591.02294921875	
3868	3104.31689453125	56981	3199.2724609375	70355	3215.362548828125	88013	3257.76123046875	27706	3262.81201171875	69988	3268.454345703125	74532	3269.916748046875	12686	3309.070556640625	20645	3333.541748046875	29960	3353.942138671875	35739	3359.6220703125	45892	3364.223876953125	13834	3373.426513671875	11099	3390.33056640625	87003	3391.532470703125	39242	3394.031005859375	20156	3416.908935546875	43027	3417.21826171875	64850	3424.37646484375	32401	3427.767822265625	
5289	1819.931030273438	44432	2126.52490234375	11335	2178.903564453125	19591	2185.603515625	29974	2228.865478515625	42595	2279.356201171875	64048	2281.516845703125	85473	2289.398193359375	92290	2306.264892578125	87560	2309.801513671875	16881	2312.751953125	81036	2315.813720703125	43494	2322.4248046875	8344	2332.39501953125	17629	2334.095458984375	28344	2335.469482421875	79954	2337.743896484375	6209	2340.978515625	21967	2341.692626953125	40574	2343.0888671875	
36905	1280.340209960938	3652	1289.810791015625	72479	1333.519409179688	88718	1370.492553710938	39812	1380.364135742188	80928	1386.278442382812	39226	1387.938354492188	87568	1393.4169921875	959	1394.236694335938	14055	1397.078002929688	28643	1403.074829101562	97772	1404.388793945312	71627	1405.315307617188	65378	1408.952392578125	88413	1415.200317382812	28343	1420.8994140625	7222	1433.953979492188	59364	1435.1279296875	19759	1438.142211914062	56889	1438.615966796875	
31087	1424.832275390625	81928	1478.353759765625	1283	1479.580322265625	68897	1538.841796875	99603	1547.73291015625	20555	1555.134765625	83074	1576.029541015625	45206	1578.626586914062	61930	1585.897583007812	23710	1585.911376953125	29231	1593.840942382812	82330	1596.303833007812	74568	1602.241821289062	34704	1609.569458007812	4513	1612.342041015625	66941	1615.157592773438	21027	1623.2802734375	24262	1631.1728515625	9420	1641.910766601562	75147	1665.364868164062	
37063	1374.882568359375	38964	1998.71728515625	77877	2010.920654296875	55669	2017.226318359375	3213	2034.989624023438	827	2053.6015625	37542	2060.40234375	58048	2064.623046875	14840	2075.041748046875	91772	2082.1787109375	89163	2090.60888671875	88781	2112.25341796875	47729	2112.816650390625	66567	2139.785400390625	93944	2158.291015625	78412	2160.250732421875	13948	2161.759765625	53554	2163.7900390625	94390	2165.524658203125	88100	2169.10693359375	
70585	2617.589599609375	79424	2631.53369140625	63758	2832.0009765625	26357	2833.45458984375	30754	2851.46337890625	44438	2875.129150390625	3188	2884.451416015625	57470	2894.267822265625	47819	2908.10009765625	21176	2908.3193359375	70449	2917.2568359375	95768	2927.124755859375	68667	2927.842041015625	47290	2929.395751953125	72697	2935.7734375	39560	2938.43017578125	14058	2943.403564453125	13871	2945.702392578125	63235	2951.7021484375	90559	2955.322509765625	
992	921.83837890625	88604	1049.225952148438	32565	1280.47607421875	48937	1392.001098632812	55241	1429.94580078125	77938	1439.513061523438	47970	1453.073608398438	77486	1456.950561523438	76454	1460.161010742188	61898	1462.70166015625	12881	1471.300415039062	63016	1481.095825195312	28936	1482.2314453125	37399	1486.024536132812	20139	1495.370239257812	62487	1495.560424804688	65921	1497.2822265625	53155	1498.728759765625	73622	1498.81787109375	74422	1501.368041992188	
94928	1338.499877929688	28936	1341.981323242188	63016	1366.968505859375	60927	1379.611572265625	1307	1387.175903320312	30737	1398.4541015625	55469	1401.322265625	21936	1404.377807617188	74422	1413.044921875	78457	1422.299926757812	67768	1428.847412109375	99688	1437.595581054688	68625	1441.615112304688	96136	1445.341430664062	50820	1448.214721679688	18230	1457.495483398438	53155	1458.850219726562	32840	1459.177856445312	17329	1465.542846679688	26431	1467.547607421875	
52840	2274.44189453125	86957	2366.8115234375	93043	2373.0634765625	47791	2419.03564453125	57562	2427.160400390625	24201	2452.2490234375	71416	2506.27197265625	54431	2515.869140625	98864	2531.717041015625	88013	2547.076171875	72366	2555.09619140625	70085	2563.6279296875	29960	2585.869140625	73686	2595.73388671875	99373	2602.9716796875	1486	2608.612548828125	23502	2612.738525390625	56645	2622.897705078125	67198	2630.507080078125	11245	2631.58251953125	
49565	1447.279174804688	7734	1591.369262695312	43636	1595.237915039062	55447	1622.824096679688	33450	1669.00927734375	24035	1673.27587890625	4358	1752.904174804688	74870	1755.988891601562	98173	1782.999145507812	63311	1816.56494140625	80444	1820.379028320312	76515	1827.23046875	57366	1842.6025390625	46062	1865.039916992188	19520	1906.464477539062	16	1908.274047851562	83810	1912.208129882812	7259	1921.8251953125	76557	1936.635009765625	59576	1940.608642578125	
15563	994.125244140625	50897	1013.242309570312	67050	1200.758911132812	71635	1285.282836914062	31002	1390.994995117188	10352	1402.953979492188	37158	1417.108276367188	59719	1418.884399414062	87006	1423.955810546875	65519	1434.125854492188	29729	1445.470825195312	2421	1449.068359375	66958	1457.356567382812	39621	1463.534790039062	70204	1469.904052734375	98309	1472.4462890625	40214	1475.327758789062	55580	1483.046875	84594	1486.34716796875	14768	1486.748779296875	
18358	1349.530639648438	57660	1373.797973632812	52598	1384.052734375	10139	1395.352294921875	91141	1395.44970703125	14913	1439.427612304688	20391	1453.999267578125	61305	1456.6142578125	21552	1466.050170898438	88100	1477.651489257812	30618	1486.189453125	82256	1487.390014648438	40053	1488.08837890625	55123	1491.745239257812	49616	1491.877319335938	1211	1495.875610351562	665	1498.344360351562	91244	1500.197631835938	16996	1509.609252929688	73082	1514.214599609375	
69002	1599.937133789062	43724	1924.318115234375	38776	1925.048095703125	10305	2078.093994140625	77153	2083.171630859375	19964	2084.33203125	83271	2098.317138671875	85566	2109.2041015625	56327	2112.87060546875	73624	2175.064697265625	97276	2184.8564453125	84385	2189.432861328125	40887	2210.304443359375	22370	2221.608154296875	66226	2224.6572265625	52427	2239.0322265625	38421	2243.5498046875	56686	2254.217041015625	70001	2254.49560546875	493	2256.123779296875	
14946	1701.63720703125	210	1860.222534179688	25789	2169.636474609375	94261	2185.4833984375	47120	2410.771728515625	26276	2417.760009765625	31071	2422.056396484375	12062	2450.00927734375	26587	2450.917724609375	82553	2466.41357421875	23012	2467.072021484375	30564	2474.347900390625	23384	2476.333251953125	35850	2491.9462890625	42397	2502.1953125	81768	2502.96630859375	30454	2504.87109375	34419	2505.3505859375	8956	2515.3134765625	73505	2520.643798828125	
44124	1186.455688476562	3255	1276.878173828125	87117	1395.62890625	86121	1401.065307617188	29828	1423.183349609375	474	1437.529174804688	52928	1442.24853515625	42000	1469.905151367188	30048	1479.287963867188	92015	1499.180419921875	35050	1505.21728515625	41949	1518.382690429688	56966	1527.291015625	52814	1538.54150390625	47498	1552.266723632812	81916	1553.3525390625	31956	1565.154663085938	58921	1568.763549804688	65269	1570.02294921875	89200	1576.111083984375	
11278	982.3955688476562	12834	1244.450927734375	47622	1362.385375976562	77819	1395.230834960938	15964	1418.68603515625	75286	1424.464111328125	36381	1448.268676757812	59562	1454.674194335938	70665	1455.553100585938	52398	1458.451293945312	10881	1468.376708984375	66097	1482.95751953125	25680	1485.99658203125	45675	1487.482055664062	89978	1494.890991210938	63781	1498.647094726562	44758	1498.88720703125	32017	1504.832885742188	20355	1505.979736328125	6655	1508.17041015625	
53461	1843.352661132812	80120	1908.450927734375	16743	1936.5869140625	92858	1938.60595703125	37236	1977.0986328125	39492	1994.669189453125	45376	1999.501220703125	64122	2002.08935546875	45393	2017.006469726562	46025	2025.941040039062	67013	2025.971069335938	98587	2053.871826171875	8453	2067.61962890625	53129	2075.12939453125	66799	2078.227294921875	92954	2085.433837890625	58780	2091.896484375	86731	2097.252197265625	79450	2097.28564453125	26469	2104.287841796875	
678	2346.649658203125	94478	2491.711669921875	133	3723.8876953125	29210	3765.96435546875	6562	3790.929443359375	83649	3825.290283203125	20671	3889.0546875	61407	3897.969970703125	52278	3912.7841796875	45515	3922.818603515625	27954	3933.464599609375	2281	3938.5849609375	42368	3958.3583984375	17026	3960.67041015625	86278	3965.993408203125	96252	3966.95263671875	72908	3971.578369140625	16776	3973.28271484375	60007	3975.007568359375	37223	3975.160888671875	
84193	1621.850219726562	10907	1718.958984375	27688	2792.513427734375	32799	2877.5126953125	53539	2884.795166015625	84808	2903.90087890625	4994	2955.95458984375	21601	2963.935546875	36376	3005.719482421875	80182	3017.576904296875	93378	3054.63134765625	97076	3083.767578125	91647	3089.841796875	20834	3092.008056640625	74345	3093.514892578125	18584	3113.169189453125	58598	3134.488525390625	66244	3136.857666015625	57637	3147.96435546875	72236	3179.82080078125	
72918	179.4380187988281	91424	2106.7060546875	90166	2156.88232421875	98726	2184.2021484375	74026	2236.12890625	36759	2243.51806640625	87047	2244.95947265625	88523	2245.020263671875	95768	2249.326416015625	17407	2254.5146484375	89759	2256.1328125	98112	2263.384521484375	90248	2281.400634765625	12745	2292.32421875	4394	2292.82763671875	95578	2293.196533203125	77998	2294.17431640625	24728	2297.021728515625	96263	2297.957763671875	64768	2300.150146484375	
827	1574.236938476562	60236	1692.688720703125	93944	1701.604248046875	60596	1730.415283203125	89249	1740.398193359375	59562	1740.979858398438	82918	1745.454956054688	44758	1767.633178710938	35209	1770.663940429688	23314	1777.951049804688	42749	1783.955444335938	34943	1785.05322265625	89163	1792.230712890625	68395	1796.169555664062	8953	1801.409423828125	4344	1802.895751953125	32351	1803.69921875	45675	1806.787475585938	75312	1810.514038085938	26895	1814.702514648438	
56903	968.01806640625	85153	1417.350341796875	90494	1679.911865234375	31902	1683.14111328125	30737	1699.984130859375	94679	1728.243286132812	39716	1758.532592773438	47701	1769.160278320312	12340	1770.821899414062	22423	1771.831298828125	12648	1786.3056640625	26236	1814.270629882812	16524	1817.33544921875	69088	1817.886352539062	84558	1818.790771484375	50820	1819.121826171875	29369	1821.601806640625	82346	1827.003295898438	31744	1827.143676757812	90128	1827.839721679688	
51045	1633.148193359375	2985	1643.215087890625	53270	1657.746948242188	46227	1665.552734375	61160	1667.1484375	89387	1683.692626953125	27831	1690.755126953125	32624	1701.125244140625	8991	1701.88037109375	50616	1722.588134765625	49937	1724.412109375	21098	1725.705688476562	52377	1755.183227539062	14639	1755.990600585938	23143	1759.193603515625	18300	1760.205078125	99513	1760.495361328125	14681	1761.590209960938	39276	1766.587646484375	32203	1769.654174804688	
21936	1294.443115234375	86372	1302.203125	88116	1325.851806640625	7236	1330.90576171875	6519	1343.611206054688	3731	1353.366943359375	81519	1354.66748046875	17913	1364.8798828125	55636	1368.898803710938	56559	1368.948120117188	45953	1369.41845703125	70803	1375.710327148438	32637	1396.239990234375	53765	1399.33447265625	15454	1405.079345703125	10976	1407.258666992188	38777	1408.19677734375	70918	1410.159545898438	34330	1420.933471679688	27691	1423.685302734375	
16573	1385.57177734375	34870	1389.217041015625	35134	1483.1220703125	77049	1486.329711914062	45287	1491.061401367188	49583	1504.890380859375	46698	1518.27734375	78772	1519.121459960938	82531	1519.56640625	63542	1524.181762695312	63811	1528.165283203125	53806	1532.823852539062	67814	1532.917846679688	4912	1549.951293945312	91984	1553.853881835938	60792	1558.556396484375	84263	1559.186279296875	41914	1561.813720703125	63099	1563.601318359375	59770	1567.990112304688	
90676	687.6372680664062	36686	1000.203002929688	33451	1142.677124023438	68615	1260.887329101562	80780	1336.340209960938	50218	1445.350830078125	50116	1810.638305664062	58192	1822.195434570312	87342	1849.668334960938	8014	1866.664428710938	65336	1866.843383789062	456	1868.791625976562	44543	1872.024291992188	94187	1881.14013671875	97801	1883.336181640625	58057	1895.134521484375	12263	1896.662109375	4463	1901.446533203125	17441	1903.936767578125	27990	1908.421630859375	
35455	1063.36962890625	71986	1216.183837890625	25931	1316.924438476562	15030	1394.2919921875	4929	1505.174438476562	33897	1596.363403320312	35890	1636.876586914062	86731	1660.836791992188	45444	1682.887084960938	76849	1688.538452148438	93896	1710.299682617188	8694	1723.081298828125	31898	1724.977416992188	87439	1726.568237304688	41192	1727.6689453125	2620	1731.638549804688	39805	1732.516967773438	63189	1736.075805664062	77553	1738.1015625	98174	1739.028442382812	
48920	1934.2109375	67835	1944.091552734375	74438	1965.099731445312	82255	1974.003051757812	75546	1974.535400390625	79635	1984.640747070312	28496	1988.878295898438	29264	1994.99072265625	72479	2000.241455078125	39799	2004.891967773438	5708	2009.938110351562	68001	2015.119140625	66545	2016.690063476562	46188	2018.096435546875	321	2029.272338867188	28020	2029.5029296875	13808	2030.462768554688	73288	2032.846313476562	86831	2036.3388671875	90340	2041.946166992188	
32788	764.2034912109375	56692	1452.266845703125	8764	1592.377807617188	53229	1615.520385742188	28643	1725.987548828125	33937	1731.35498046875	59976	1746.8056640625	61795	1769.024047851562	24001	1772.104736328125	45654	1776.55224609375	64220	1785.453491210938	72479	1788.043579101562	29697	1789.8525390625	67056	1791.350341796875	31948	1791.731323242188	40755	1795.91259765625	19396	1800.630737304688	30804	1814.471313476562	36818	1815.743041992188	69796	1817.055541992188	
43796	928.5709228515625	6446	1253.335571289062	30038	1528.496337890625	10952	1578.224975585938	18962	1599.8046875	12648	1637.976806640625	87605	1646.110595703125	95239	1673.518432617188	70924	1679.607666015625	79153	1690.13525390625	14684	1710.7802734375	15888	1710.817016601562	67269	1715.069091796875	16377	1723.1767578125	61998	1723.723876953125	83758	1749.901123046875	72165	1751.20556640625	59985	1754.588500976562	87570	1757.713012695312	17815	1759.952880859375	
39333	772.7632446289062	6794	1390.878540039062	39643	1563.342529296875	84249	1606.843505859375	41672	1636.9853515625	12665	1651.431762695312	14497	1661.711791992188	77190	1667.439697265625	27405	1675.874145507812	73452	1677.99169921875	70464	1678.847534179688	29264	1683.25927734375	60149	1691.911987304688	57477	1694.55712890625	13780	1695.765258789062	18987	1699.512817382812	27354	1704.504272460938	6958	1704.59228515625	31480	1713.553344726562	84605	1717.2041015625	
28243	1377.171752929688	31301	1485.533203125	74823	1509.796630859375	21757	1554.578735351562	91906	1566.788696289062	41914	1568.697509765625	30817	1587.2646484375	9331	1598.487426757812	21296	1600.8984375	53866	1601.08740234375	87742	1609.046630859375	63586	1621.6552734375	33454	1632.422729492188	76956	1650.046630859375	74508	1651.044555664062	70222	1659.945434570312	56350	1666.691040039062	53306	1674.145141601562	78585	1675.545532226562	50467	1678.19580078125	
35182	1460.369140625	5519	1500.410278320312	13431	1531.7705078125	62881	1559.193115234375	87349	1578.556640625	62360	1589.926391601562	49267	1605.068481445312	82464	1619.920043945312	84263	1633.618041992188	36802	1637.109619140625	74292	1640.385986328125	32628	1643.453735351562	11913	1644.226318359375	89807	1645.548217773438	2890	1647.717163085938	19690	1648.873291015625	24087	1653.166015625	77049	1653.721313476562	99116	1656.549438476562	48118	1656.798461914062	
53155	1673.783081054688	86470	1691.329345703125	18568	1717.101684570312	91610	1872.108154296875	25541	1898.563354492188	1094	1903.291381835938	24981	1903.512817382812	64968	1906.029907226562	55008	1918.876220703125	93732	1926.735595703125	84418	1929.749145507812	2939	1930.146606445312	61272	1932.40234375	39220	1935.822509765625	72206	1936.208374023438	10976	1936.422729492188	75987	1947.640625	98663	1950.647583007812	68836	1952.044555664062	45141	1953.041015625	
74422	992.3028564453125	81933	1000.649780273438	34534	1040.9375	57840	1091.39501953125	50820	1103.8193359375	53765	1112.91064453125	17313	1125.930786132812	55008	1126.378662109375	96136	1142.074829101562	92936	1143.139526367188	83784	1160.333618164062	77794	1161.76025390625	59495	1166.491333007812	20127	1171.958618164062	30737	1174.653564453125	38717	1175.377807617188	34546	1176.483276367188	65318	1178.68017578125	98652	1181.79736328125	15844	1182.529052734375	
17426	1040.571533203125	19923	1074.485473632812	34623	1075.751342773438	98652	1112.4248046875	58196	1143.54052734375	29709	1152.80615234375	44483	1152.820068359375	94007	1162.92822265625	26236	1165.133911132812	88348	1167.24072265625	12769	1170.03466796875	66783	1174.911010742188	7976	1177.64599609375	46373	1187.724243164062	2028	1195.8955078125	22433	1196.028442382812	15501	1196.186401367188	32123	1196.921875	71703	1198.656372070312	52057	1200.05419921875	
38887	2264.688720703125	29149	2277.73828125	58162	2379.9052734375	44515	2781.402587890625	89414	2806.17578125	85195	2814.142578125	4394	2822.86328125	13236	2837.17578125	91399	2842.928955078125	94077	2865.13818359375	2702	2871.013916015625	12780	2871.201416015625	77281	2875.005126953125	1580	2876.312255859375	3053	2879.367431640625	74887	2880.02001953125	80443	2884.646728515625	59581	2887.99169921875	95578	2889.58935546875	18392	2889.69970703125	
91315	983.7839965820312	47156	1314.26904296875	69194	1432.427368164062	20195	1446.234741210938	20444	1452.855834960938	76446	1455.677490234375	34200	1457.592529296875	79111	1474.779663085938	83557	1496.52099609375	24741	1501.06494140625	3789	1513.167846679688	91168	1516.501953125	61909	1519.846313476562	9953	1520.446655273438	31437	1521.376708984375	4005	1527.153564453125	86887	1527.441650390625	54894	1532.177490234375	99144	1536.490478515625	40799	1543.692993164062	
97073	1905.973999023438	85875	1985.273315429688	61744	1988.043701171875	71118	1988.122436523438	20896	1991.1591796875	30807	2041.368896484375	68537	2044.606079101562	7557	2044.84375	11539	2051.048583984375	80219	2058.53857421875	28840	2061.31787109375	24308	2061.413818359375	13547	2070.112548828125	9151	2070.572265625	69255	2071.6318359375	87322	2074.55224609375	6466	2077.579345703125	9054	2078.77734375	81790	2085.199462890625	27997	2086.56591796875	
55985	1399.253051757812	22362	1415.587158203125	90222	1452.551513671875	95166	1454.451049804688	46905	1462.15625	51075	1483.352294921875	95953	1499.875610351562	54189	1511.603759765625	61275	1558.734375	60607	1560.071166992188	15075	1575.895263671875	92716	1584.969116210938	85475	1595.193725585938	16365	1598.17333984375	6782	1598.435791015625	79342	1609.314086914062	1948	1609.484741210938	51540	1621.033569335938	64313	1630.330322265625	80895	1643.363037109375	
28503	1378.18798828125	8606	1834.468872070312	509	1851.085327148438	56768	1885.169189453125	43797	1899.209838867188	79953	1903.418212890625	30038	1903.6494140625	33093	1909.056518554688	86006	1930.462158203125	6282	1934.018920898438	28352	1934.677001953125	78508	1937.10009765625	59375	1943.861083984375	70803	1947.981811523438	50865	1948.225830078125	22404	1953.790161132812	51326	1957.263916015625	70918	1975.119750976562	31038	1980.471923828125	26531	1983.359741210938	
62436	891.4600219726562	81007	1213.887084960938	57629	1384.149536132812	27052	1411.477294921875	45444	1412.22802734375	80723	1421.003173828125	88697	1445.3134765625	34542	1446.38720703125	67921	1449.117309570312	55057	1464.571655273438	39887	1483.888427734375	14148	1484.100341796875	40941	1488.7041015625	95427	1497.378662109375	7451	1508.255981445312	38075	1509.19384765625	13348	1510.7197265625	62999	1510.823608398438	10197	1517.500610351562	422	1519.5634765625	
27172	1482.270874023438	13780	1593.90625	55557	1616.593627929688	32042	1652.760375976562	79013	1665.066040039062	40755	1717.809936523438	6958	1729.51318359375	39262	1766.51123046875	20392	1775.976928710938	85451	1782.207885742188	80264	1795.421630859375	13343	1799.501098632812	90045	1802.526000976562	35509	1805.02490234375	11690	1805.207763671875	27114	1806.687866210938	26259	1809.834228515625	86678	1815.730712890625	27985	1816.162109375	26135	1820.859741210938	
49927	2397.88525390625	90519	2410.409912109375	32969	2494.0107421875	74540	2620.789794921875	18781	2634.20068359375	73208	2636.15380859375	38369	2653.561767578125	35532	2655.28173828125	51711	2664.49755859375	20837	2682.255859375	39588	2683.525146484375	26440	2686.92041015625	34526	2724.859375	80039	2730.808349609375	62773	2736.28564453125	78274	2746.408203125	40116	2757.9228515625	66968	2760.529052734375	39054	2764.4404296875	12644	2771.641845703125	
59220	2116.03369140625	69888	2153.93798828125	17767	2174.994873046875	88625	2200.162109375	90498	2216.530029296875	78071	2219.677734375	28829	2223.16162109375	29018	2225.013916015625	36855	2226.4521484375	37793	2226.87890625	4093	2228.55029296875	35369	2230.392822265625	58873	2230.874755859375	78055	2234.177734375	89643	2236.884033203125	27376	2238.27099609375	80755	2241.22802734375	13850	2253.3544921875	54640	2260.203857421875	60744	2261.582763671875	
85883	889.2525024414062	15874	1010.54541015625	50487	1213.244873046875	6251	1509.426391601562	68404	1516.365112304688	76841	1548.564208984375	24611	1599.972534179688	14665	1608.555908203125	88625	1628.09033203125	36148	1636.33984375	4093	1639.001831054688	60254	1639.837768554688	43051	1647.596435546875	94875	1648.455688476562	12336	1650.908203125	1000	1656.8095703125	8694	1667.286376953125	37853	1669.015014648438	9540	1669.864624023438	76833	1672.126220703125	
16448	1773.3837890625	15543	1870.295654296875	91237	1984.541015625	66990	2042.0126953125	9941	2121.76708984375	8414	2138.260498046875	77710	2168.464599609375	30900	2172.67529296875	2090	2182.86474609375	18643	2189.606201171875	39258	2202.855224609375	22312	2212.639404296875	46567	2213.91015625	17113	2221.841552734375	68644	2223.6474609375	51650	2224.087158203125	36746	2229.33349609375	63363	2229.57275390625	79914	2230.27880859375	55416	2231.244873046875	
1937	1972.380004882812	98802	1986.726440429688	34628	1993.533081054688	42997	2113.6455078125	38854	2114.642578125	40722	2142.578857421875	5098	2173.969970703125	29513	2193.636474609375	7157	2210.5244140625	31809	2232.984375	52502	2236.5654296875	88685	2243.419677734375	30892	2282.6103515625	5904	2286.806884765625	31858	2290.640625	82245	2301.87646484375	78006	2312.9912109375	45025	2314.585693359375	23952	2322.275146484375	25866	2325.406494140625	
22164	1835.979858398438	39116	2108.297119140625	55326	2121.0126953125	20723	2141.443603515625	39657	2143.347900390625	43419	2165.02490234375	68583	2174.065185546875	53624	2186.93017578125	75502	2201.671630859375	70153	2202.166015625	60139	2205.967041015625	39611	2214.826171875	13688	2228.623779296875	32953	2242.258056640625	30611	2244.50146484375	36775	2262.521728515625	603	2268.28759765625	84100	2270.885986328125	26063	2285.171875	43898	2287.329345703125	
79897	706.6420288085938	163	1779.141967773438	18526	1800.207763671875	99631	1805.923828125	57269	1809.678955078125	4964	1829.572021484375	71118	1841.393188476562	20240	1845.778442382812	84980	1846.414306640625	7387	1847.339477539062	34301	1855.797729492188	30807	1858.55126953125	69255	1864.352416992188	82921	1869.364013671875	68262	1871.6396484375	61855	1872.102294921875	98064	1874.463623046875	21555	1884.096557617188	354	1891.878173828125	58483	1903.235717773438	
63296	1278.60546875	37386	1616.281494140625	67621	1726.512329101562	98989	1727.831298828125	79278	1733.717163085938	27016	1746.246826171875	41709	1747.2490234375	16362	1773.328002929688	88711	1786.22705078125	18186	1788.509155273438	38526	1790.125732421875	32123	1800.9775390625	12834	1816.596557617188	99704	1820.059936523438	18857	1830.956909179688	9274	1833.530517578125	13029	1837.529052734375	47209	1838.996459960938	89812	1843.496704101562	24967	1845.632446289062	
6072	2068.2119140625	95706	2080.649169921875	90128	2105.606689453125	71254	2110.077392578125	87222	2115.902099609375	43079	2118.665771484375	72864	2121.962158203125	28935	2136.282958984375	92967	2138.088134765625	20641	2142.2763671875	89850	2146.659912109375	80489	2150.491943359375	16050	2154.443115234375	33956	2158.276611328125	59896	2160.238525390625	18328	2162.038818359375	67318	2162.686279296875	16793	2165.40234375	66367	2165.654052734375	86666	2167.30810546875	
80997	888.7457275390625	82668	1584.852416992188	29399	1612.914428710938	28466	1628.476928710938	2735	1644.4111328125	56009	1647.922607421875	54203	1652.478149414062	18502	1657.327392578125	53401	1673.414428710938	682	1675.515991210938	98048	1698.079223632812	18344	1711.69384765625	3108	1711.94970703125	23524	1715.081909179688	66993	1716.914672851562	48881	1717.06640625	97802	1723.72412109375	56759	1726.99560546875	88284	1727.853271484375	89119	1733.681884765625	
74758	1631.857543945312	88809	1651.527221679688	43581	1654.544067382812	67981	1656.382202148438	52267	1667.756225585938	71689	1669.41845703125	3144	1684.84326171875	51988	1696.945434570312	96517	1724.038330078125	92586	1730.422729492188	95657	1739.833374023438	54547	1740.374389648438	2176	1742.049072265625	20103	1773.990356445312	72928	1784.201782226562	94754	1793.095092773438	88100	1796.436157226562	17426	1808.628540039062	50810	1811.413818359375	49612	1813.323486328125	
25159	1173.581665039062	97825	1186.017700195312	88228	1299.786865234375	91176	1383.46923828125	7222	1962.002563476562	98532	1977.150268554688	12939	1998.499389648438	13777	2028.13134765625	59583	2031.544677734375	2640	2033.829345703125	57821	2044.36865234375	74975	2046.262939453125	28596	2046.678588867188	10623	2049.633544921875	93375	2064.995849609375	69868	2074.041748046875	52459	2074.38916015625	34605	2076.4208984375	33741	2080.40673828125	55355	2082.294677734375	
96745	369.8607788085938	82939	852.8346557617188	61909	992.66259765625	33731	1048.14697265625	64135	1084.790283203125	93009	1088.0693359375	65027	1101.77490234375	55369	1102.67724609375	76446	1113.18505859375	35021	1114.633544921875	73703	1115.671142578125	11081	1116.408569335938	54369	1122.359985351562	21552	1125.892578125	38067	1133.756591796875	57854	1151.67138671875	31602	1151.978271484375	66320	1154.05419921875	24741	1156.165161132812	71343	1156.323974609375	
72614	1066.282836914062	63099	1584.553588867188	31185	1586.619995117188	31931	1590.856323242188	97941	1592.238647460938	54015	1599.341796875	20755	1601.781860351562	15550	1602.100830078125	58102	1603.228637695312	71085	1619.653076171875	93009	1623.329956054688	64087	1624.225341796875	61909	1627.587768554688	31210	1629.149169921875	20119	1630.32177734375	61257	1634.378173828125	85230	1634.951416015625	84263	1638.718139648438	84377	1644.897827148438	85076	1656.64599609375	
37223	1169.178344726562	78255	1230.575073242188	54488	1259.32763671875	79288	1268.861328125	28297	1295.318481445312	73834	1297.46826171875	21315	1306.1064453125	6376	1311.98583984375	1196	1328.30224609375	91344	1329.840942382812	74684	1352.052856445312	69966	1355.573364257812	84815	1363.63818359375	81435	1373.412841796875	8429	1375.79541015625	30136	1378.18798828125	93996	1381.56689453125	67921	1384.016967773438	36746	1389.586303710938	5967	1393.653442382812	
96745	1453.747924804688	38067	1485.6904296875	4959	1491.318237304688	10963	1492.193725585938	58383	1523.06298828125	8441	1526.027221679688	78332	1535.823852539062	53611	1547.567138671875	65300	1549.419189453125	33703	1551.727416992188	95817	1554.4951171875	45309	1560.169189453125	69709	1566.290161132812	45270	1568.425659179688	21552	1571.134643554688	64637	1573.366821289062	46679	1574.593872070312	44567	1578.465087890625	68895	1578.9052734375	51348	1579.076293945312	
24785	1206.809448242188	24741	1222.430419921875	11081	1229.826049804688	93009	1258.749755859375	61909	1274.2861328125	20444	1293.863159179688	17629	1316.906616210938	38750	1322.795532226562	76446	1346.663696289062	11367	1348.409423828125	29054	1351.790283203125	49268	1355.348999023438	62826	1361.73046875	28919	1362.77294921875	23591	1363.938720703125	48903	1368.40087890625	59419	1369.575073242188	33202	1382.387817382812	99668	1387.411987304688	17161	1392.91455078125	
33386	899.9072265625	13490	1382.705688476562	79013	1524.882568359375	55557	1578.631958007812	41949	1608.211059570312	12485	1628.611083984375	79635	1629.958862304688	18757	1662.264770507812	82254	1675.132568359375	18030	1703.644287109375	83500	1710.382690429688	98952	1720.849487304688	83205	1734.413696289062	63012	1735.997924804688	58532	1737.140991210938	86145	1741.499877929688	96202	1750.859497070312	6958	1751.725952148438	74691	1752.257934570312	84213	1755.750244140625	
31661	378.5894775390625	55814	2412.164306640625	84988	2557.244140625	77496	2559.620849609375	18965	2560.952880859375	24522	2597.9189453125	96408	2602.9501953125	35773	2617.25146484375	95406	2620.555908203125	92819	2635.79541015625	45698	2667.822998046875	56929	2676.7666015625	44286	2687.498779296875	3967	2690.919677734375	3294	2701.86767578125	23882	2707.274169921875	36803	2709.460693359375	50178	2712.32861328125	79652	2718.39892578125	25227	2718.654052734375	
70437	1714.224365234375	7318	1762.434936523438	23213	1765.308227539062	46373	1798.705322265625	63217	1798.747680664062	88100	1804.7412109375	95370	1816.666137695312	60349	1819.001098632812	44891	1824.462890625	31783	1824.762451171875	37564	1826.856811523438	6638	1826.935424804688	13029	1838.09716796875	2490	1839.138061523438	39621	1841.657958984375	44758	1843.761962890625	93436	1846.415771484375	99246	1855.593139648438	42715	1861.711791992188	42813	1861.845336914062	
55251	552.9502563476562	80855	1479.203857421875	44621	1552.247436523438	58391	1556.970092773438	31827	1558.848876953125	83157	1560.264038085938	93187	1590.476684570312	72479	1600.87158203125	86831	1603.600952148438	52656	1605.923095703125	51486	1614.365478515625	50056	1618.53759765625	58861	1622.982421875	20188	1646.069580078125	93164	1652.355834960938	66545	1659.014526367188	81792	1660.54150390625	85917	1662.604858398438	12665	1666.764282226562	68521	1667.343383789062	
92302	2215.361083984375	96277	2793.3076171875	95658	2892.21728515625	31596	2919.884033203125	78377	2931.886474609375	89359	2938.359375	17013	2955.85205078125	49103	2978.62060546875	13410	3012.04296875	42659	3038.233154296875	91341	3039.4580078125	75769	3039.69921875	32051	3040.73681640625	35606	3041.1689453125	98128	3042.83935546875	16087	3043.929931640625	90839	3045.9814453125	42671	3046.037109375	35920	3053.4453125	16137	3054.50927734375	
49103	1216.321044921875	56577	2000.83154296875	70859	2021.6005859375	28211	2041.879028320312	69215	2044.724731445312	72526	2047.747802734375	11796	2066.253662109375	53686	2106.333984375	8373	2116.697509765625	36150	2123.075927734375	10539	2125.0712890625	78275	2129.95361328125	24376	2142.628173828125	15902	2143.10693359375	70531	2153.434326171875	31596	2153.581298828125	61544	2167.281005859375	16454	2168.25244140625	19243	2177.43896484375	49442	2177.97119140625	
59917	2540.9619140625	33065	2591.299560546875	85495	2615.008056640625	2274	2615.570068359375	25340	2622.291748046875	47086	2634.8154296875	88850	2644.708251953125	5182	2648.4921875	67374	2650.552490234375	84919	2652.3505859375	2439	2659.935791015625	539	2664.782958984375	35509	2682.788818359375	51250	2686.516357421875	48338	2689.01513671875	11690	2705.277099609375	56756	2707.08154296875	56853	2709.31591796875	48487	2720.030029296875	94991	2728.083984375	
90899	1326.456176757812	30737	1516.7919921875	60856	1550.843017578125	87952	1555.130859375	90494	1560.117309570312	31902	1562.415405273438	53765	1564.557739257812	16164	1595.532836914062	63323	1610.63525390625	88116	1615.500244140625	48017	1616.71337890625	56682	1618.784423828125	28717	1629.487060546875	31315	1630.556030273438	70803	1647.312622070312	12340	1650.833129882812	95552	1651.015991210938	12648	1652.044189453125	79231	1652.89990234375	71113	1658.97412109375	
83217	835.0347290039062	22050	1201.745361328125	79271	1572.16064453125	24022	1615.060424804688	46141	1703.166137695312	93017	1723.748779296875	34435	1726.15869140625	52580	1735.558959960938	24142	1752.9033203125	66052	1760.016723632812	49690	1773.260864257812	34210	1779.6865234375	56262	1781.143188476562	74539	1785.623168945312	77598	1805.461669921875	44625	1835.764404296875	77383	1839.786987304688	61809	1840.308959960938	58814	1844.084350585938	20116	1846.86083984375	
94944	2030.28515625	12123	2042.54150390625	98563	2066.61669921875	95375	2156.284423828125	149	2163.867431640625	52117	2170.91943359375	36408	2174.52490234375	99545	2176.555419921875	45584	2201.047607421875	35198	2211.98486328125	36274	2217.040771484375	36987	2217.09326171875	44091	2239.24169921875	16207	2243.321044921875	93712	2246.222900390625	32887	2247.47265625	31565	2247.977294921875	84469	2249.771484375	29455	2252.93310546875	13808	2254.088623046875	
59434	653.1776123046875	96126	805.8876953125	1730	862.4627685546875	72850	1094.2705078125	42230	1120.96435546875	68018	1184.250366210938	68226	1219.583129882812	45449	1351.46435546875	90167	1536.449462890625	80020	1936.070556640625	68306	1981.325805664062	2577	2032.50439453125	56650	2046.767700195312	87830	2066.6904296875	15077	2066.739501953125	47940	2068.475830078125	56165	2075.249755859375	84919	2079.508056640625	83911	2104.875244140625	31772	2116.597412109375	
54018	1462.92578125	16017	2018.10009765625	17615	2299.596923828125	5903	2363.86767578125	58132	2572.60400390625	42285	2613.14990234375	22892	2634.7763671875	22933	2638.564453125	28353	2643.869140625	20042	2645.53564453125	69622	2653.3662109375	85407	2656.02734375	25717	2657.1298828125	50498	2660.48193359375	78321	2662.953369140625	9696	2666.7724609375	53836	2666.883056640625	23519	2675.25244140625	58331	2675.4013671875	17874	2679.826416015625	
90944	740.5288696289062	22605	939.5855712890625	62398	1104.645141601562	18196	1439.583618164062	75388	1441.572387695312	6386	1491.708740234375	54042	1591.739868164062	83654	1630.059814453125	81550	1649.951538085938	96947	1764.852416992188	54242	1914.2470703125	98784	2043.476440429688	96912	2111.884033203125	68093	2281.434814453125	94155	2411.708740234375	18619	2471.1318359375	26951	2516.453857421875	32957	2520.903076171875	81683	2528.595703125	19564	2532.923095703125	
98184	1117.84619140625	41864	1368.809326171875	47466	1405.362915039062	63189	1500.937377929688	69231	1521.410522460938	28738	1523.556396484375	42471	1533.237060546875	31898	1549.704833984375	39887	1550.54833984375	49026	1571.510375976562	88191	1574.932739257812	59485	1581.832153320312	78180	1585.126831054688	51070	1594.5068359375	97873	1596.04736328125	88466	1598.772705078125	13064	1603.573486328125	90045	1605.723876953125	23519	1608.865478515625	32121	1612.1572265625	
27986	1235.295532226562	64949	1321.370849609375	56082	1343.486450195312	74313	1345.650024414062	48538	1425.029174804688	77726	1441.339599609375	16250	1512.494262695312	71113	1534.318725585938	88615	1540.609008789062	47981	1557.59619140625	5556	1558.510864257812	24624	1570.130615234375	63323	1584.889526367188	32531	1597.642944335938	68266	1603.643920898438	8476	1612.825805664062	55831	1624.812622070312	12663	1625.161865234375	65858	1625.709106445312	70732	1627.354858398438	
54812	2040.38720703125	64352	2054.25537109375	26502	2075.039794921875	48689	2081.52099609375	73069	2083.66162109375	71718	2090.065185546875	61728	2100.9072265625	81577	2115.80712890625	92173	2119.57177734375	57438	2128.466552734375	46549	2133.579833984375	5888	2144.5830078125	39361	2146.77001953125	58483	2148.755126953125	64760	2148.963134765625	21201	2166.2021484375	98466	2167.254638671875	8597	2167.43310546875	23568	2168.272705078125	21840	2171.294677734375	
88291	1647.7041015625	50337	1654.080688476562	81389	1664.42236328125	83205	1690.326538085938	6132	1697.295776367188	39763	1699.490478515625	88718	1700.923217773438	29116	1704.52099609375	28139	1708.699829101562	74208	1711.910278320312	94430	1716.7294921875	18120	1733.142822265625	19155	1734.40771484375	19257	1741.188720703125	23810	1747.362548828125	65598	1750.276489257812	62559	1750.825561523438	65378	1758.577514648438	69149	1758.631225585938	13064	1760.664672851562	
51576	1148.98388671875	81994	1654.26904296875	94518	1656.39794921875	72953	1678.204711914062	78659	1686.623291015625	89643	1693.897583007812	72376	1696.460083007812	72479	1701.126342773438	58385	1702.18212890625	26884	1708.328125	25662	1708.97021484375	70726	1708.99267578125	53824	1712.819946289062	92176	1725.177612304688	33031	1726.56884765625	27160	1727.811645507812	19759	1731.5888671875	97772	1734.346801757812	6377	1737.046020507812	36905	1738.083374023438	
15282	1272.603271484375	77778	2510.2060546875	60658	2515.02734375	51736	2523.59521484375	68887	2523.646484375	68380	2538.9228515625	58745	2548.127197265625	53532	2553.083984375	84352	2555.736083984375	74696	2555.771484375	97939	2558.3359375	69615	2559.3720703125	73057	2560.619140625	28812	2570.98291015625	28	2578.939697265625	98076	2588.002197265625	90540	2598.2705078125	13138	2599.52880859375	24196	2600.5068359375	58823	2601.924072265625	
89109	1169.820068359375	52368	1208.460571289062	65781	1279.57958984375	76015	1281.673461914062	15855	1360.605346679688	5088	1550.700805664062	54724	1589.916381835938	22716	1649.9423828125	1915	1670.959594726562	75955	1914.81640625	85745	1946.780639648438	1733	1984.296875	44102	2034.790893554688	85678	2127.892578125	67336	2161.092529296875	56356	2196.177001953125	73932	2200.320068359375	30526	2203.551025390625	44743	2275.52880859375	50796	2295.9091796875	
13081	1536.845825195312	73072	1569.685302734375	33724	1650.307861328125	65430	1837.275146484375	47811	1914.109252929688	5135	1927.2939453125	32030	1946.312133789062	20592	1958.266845703125	21766	1969.390747070312	11754	1975.719604492188	97993	2035.703857421875	40590	2039.264526367188	63290	2043.103759765625	7539	2045.279174804688	46098	2049.904541015625	61049	2055.462158203125	78021	2062.303955078125	86236	2070.155029296875	17001	2077.979248046875	4489	2082.272705078125	
93418	1850.079467773438	10632	1921.990844726562	2712	1949.170043945312	3030	1951.459716796875	93332	1965.571411132812	79148	1982.453735351562	80921	1984.6982421875	91688	1987.127075195312	3814	1998.321044921875	59985	2005.452270507812	53068	2012.887451171875	2960	2015.881713867188	94040	2017.88134765625	19707	2017.964599609375	83758	2020.523193359375	49487	2026.725952148438	16679	2028.519897460938	10952	2029.425048828125	67269	2034.926025390625	45622	2036.1640625	
58040	898.6011352539062	10719	1046.4072265625	47970	1114.52001953125	76454	1124.770141601562	42616	1216.723022460938	56559	1222.901000976562	97393	1237.38427734375	27387	1237.755981445312	1307	1245.6728515625	91841	1246.635498046875	27691	1253.609985351562	7236	1263.362182617188	37399	1263.815307617188	50820	1266.213989257812	91276	1267.827270507812	21134	1268.76318359375	56491	1274.005493164062	55336	1278.67236328125	822	1280.6767578125	94754	1286.2763671875	
85405	1661.219482421875	93209	1767.13720703125	40134	1770.047485351562	43447	1776.5595703125	30614	1802.177612304688	37048	1809.063354492188	52591	1824.8388671875	27376	1827.5029296875	78604	1843.009765625	61613	1853.696044921875	94173	1855.216918945312	67101	1857.529052734375	84894	1857.730346679688	27701	1868.009643554688	33723	1875.396728515625	15020	1876.841186523438	42634	1877.224487304688	13850	1877.275634765625	55226	1877.938720703125	54084	1878.567260742188	
49908	1433.47265625	70147	1686.484497070312	82495	1780.30078125	53270	1834.09765625	3814	1852.30859375	96262	1855.375732421875	82293	1873.814819335938	72027	1880.215942382812	52537	1891.563110351562	84814	1891.566284179688	80921	1892.689331054688	18990	1899.053955078125	87497	1909.517456054688	94243	1915.167114257812	6466	1915.173095703125	55236	1915.479614257812	98323	1915.842407226562	60499	1915.8720703125	2556	1915.990356445312	93418	1916.437866210938	
64820	1442.1650390625	53407	1467.082153320312	34247	1482.560668945312	93199	1489.431396484375	13077	1490.259033203125	40453	1504.08349609375	62826	1508.482666015625	69105	1513.053588867188	14587	1513.913818359375	26396	1515.086181640625	27275	1520.490112304688	94930	1539.575561523438	36139	1540.115844726562	49008	1541.500854492188	61886	1555.599853515625	32377	1556.08740234375	66958	1558.915649414062	64637	1571.447387695312	29729	1575.439575195312	55171	1580.212646484375	
82061	1187.543701171875	7392	1969.381103515625	88090	1995.318481445312	67580	2006.332763671875	71192	2034.57568359375	53143	2055.61669921875	27908	2078.943603515625	32425	2079.51904296875	61809	2082.560791015625	75000	2097.65966796875	79392	2097.726318359375	21665	2099.065673828125	43544	2099.9375	9879	2115.7998046875	59226	2116.22021484375	79741	2130.3779296875	21345	2133.0771484375	40755	2141.86572265625	78561	2142.15185546875	69992	2148.5693359375	
95529	2643.643798828125	92359	2679.413818359375	24976	2751.260498046875	59493	2820.44921875	47407	2829.063232421875	39915	2883.84130859375	74311	2897.11669921875	78784	2899.599365234375	29742	2901.171875	59284	2905.68115234375	87356	2910.10009765625	20016	2911.709716796875	98467	2916.8515625	49896	2919.996337890625	51687	2921.7548828125	67269	2922.724853515625	12279	2926.734619140625	5030	2926.76513671875	33349	2929.24072265625	80225	2930.848876953125	
44673	2073.1513671875	6132	2092.666015625	58331	2102.486572265625	73097	2104.8779296875	16294	2111.040771484375	12706	2121.593994140625	44144	2127.162353515625	69823	2155.212890625	16608	2157.84912109375	90607	2162.48486328125	15142	2166.803955078125	73938	2168.82568359375	65843	2170.535400390625	89101	2173.60791015625	50587	2178.85791015625	47466	2180.069580078125	96665	2181.98046875	23025	2184.518310546875	33332	2184.71240234375	3376	2185.61181640625	
7018	683.6051635742188	25362	2117.843994140625	45262	2268.727294921875	52904	2360.343505859375	48634	2434.88232421875	10699	2481.193603515625	54105	2488.79541015625	51405	2489.4365234375	94440	2502.046875	51494	2510.10888671875	36973	2521.618408203125	81168	2521.949951171875	37660	2522.777099609375	66065	2548.052978515625	99581	2549.216552734375	2439	2551.00390625	98499	2551.154541015625	7069	2563.0458984375	27591	2564.7373046875	47802	2565.05615234375	
15922	1273.34326171875	59953	2058.148681640625	40902	2069.906494140625	12874	2070.108154296875	86956	2082.90966796875	84940	2143.509521484375	28909	2143.782470703125	73883	2144.0029296875	88423	2154.935791015625	19897	2174.78515625	48099	2175.381591796875	83116	2178.43798828125	29435	2179.0615234375	81046	2181.250244140625	47827	2182.72705078125	58134	2183.37255859375	41147	2184.583740234375	71489	2189.103271484375	69169	2193.5498046875	29335	2199.510498046875	
79772	1095.44140625	31411	1484.467895507812	57383	1680.336303710938	69885	1799.008911132812	46663	1804.897216796875	6745	1841.848266601562	19759	1871.905395507812	29018	1879.331298828125	30973	1879.84765625	58658	1884.248168945312	66926	1891.233764648438	94614	1898.502319335938	93667	1901.683471679688	72479	1905.818725585938	97772	1906.728393554688	42026	1906.753051757812	69092	1909.6708984375	58475	1913.822387695312	8253	1914.810180664062	56889	1920.071044921875	
37853	1876.57958984375	20063	1891.44384765625	19155	1892.26025390625	1000	1894.103515625	14286	1897.975708007812	79831	1921.120483398438	28690	1923.793701171875	84173	1926.84765625	84306	1934.811645507812	79013	1938.062744140625	62590	1944.492431640625	60908	1951.337036132812	34503	1952.608520507812	91811	1953.8203125	11944	1953.906372070312	51290	1959.231201171875	14918	1960.144653320312	36406	1961.791259765625	65598	1963.476196289062	77786	1966.43994140625	
59246	889.4818725585938	66364	953.9722290039062	66958	968.6077880859375	88100	1044.048828125	40149	1052.882690429688	51043	1066.609619140625	29729	1072.974853515625	75323	1092.493896484375	77384	1094.347778320312	48237	1100.239013671875	32892	1101.43408203125	15227	1107.740966796875	18073	1116.402221679688	71630	1118.148071289062	51348	1123.296508789062	42715	1126.609985351562	62802	1126.770141601562	64637	1126.846923828125	82925	1128.2783203125	52598	1133.53955078125	
40348	1311.302368164062	6495	1462.154907226562	11142	1517.848754882812	59755	1560.786376953125	41516	1762.452026367188	5489	1829.429443359375	28321	1843.560913085938	71448	1854.169067382812	84855	1880.886474609375	66499	1890.49755859375	15100	1923.060302734375	95169	1924.498168945312	86768	1935.361938476562	3601	1939.066284179688	69860	1943.901245117188	66613	1955.274658203125	89784	1959.832153320312	55785	1962.528930664062	88010	1970.42431640625	69290	1979.419311523438	
15888	1335.394287109375	28343	1353.032470703125	55355	1387.161499023438	88718	1391.915893554688	67269	1428.150146484375	82795	1433.956420898438	10952	1436.541381835938	79741	1441.901123046875	3652	1466.338256835938	14055	1466.871826171875	98348	1472.6357421875	73288	1473.192504882812	7222	1473.687255859375	23810	1476.822998046875	65378	1479.387329101562	28643	1481.310546875	69796	1490.240600585938	56889	1497.17333984375	36905	1500.302978515625	35349	1506.962158203125	
14121	1421.558959960938	1567	1520.34375	10592	1523.672241210938	90720	1526.167114257812	25929	1536.550415039062	71064	1608.926391601562	62822	1635.682373046875	97626	1639.400512695312	34467	1640.216796875	53964	1659.369140625	59525	1684.747192382812	81221	1692.453857421875	72111	1696.799926757812	95545	1701.786987304688	71458	1717.337524414062	73994	1734.310791015625	13639	1738.647216796875	80020	1753.513671875	69953	1756.147827148438	12965	1782.548706054688	
41949	1762.758911132812	37853	1765.730712890625	54304	1772.908935546875	30059	1780.310668945312	17255	1799.14501953125	82721	1801.028076171875	22604	1821.22265625	82795	1858.687744140625	19823	1880.370727539062	83205	1881.458251953125	50208	1882.580444335938	11711	1885.133666992188	20063	1886.556640625	81150	1890.748046875	82692	1896.286865234375	42003	1896.592529296875	65598	1896.673095703125	19257	1898.516479492188	14918	1902.278930664062	94406	1906.098876953125	
25765	1722.421020507812	52479	1772.778076171875	4697	1795.145385742188	32627	1830.50732421875	77235	1851.646606445312	45804	1877.781616210938	72341	1928.119506835938	69263	1945.503051757812	1307	1956.237182617188	36597	1961.075927734375	4499	1962.425048828125	89821	1986.229125976562	91806	1989.430541992188	24266	1999.73974609375	69844	2003.4013671875	72933	2005.589965820312	18857	2006.121337890625	7236	2023.054809570312	60114	2023.355590820312	55820	2025.438720703125	
95799	2764.404296875	75147	2775.7724609375	21421	2784.059326171875	62364	2785.260986328125	72678	2788.572509765625	6549	2801.982421875	42238	2802.470458984375	34704	2810.45458984375	61893	2824.582275390625	92325	2828.163818359375	78632	2835.676025390625	1283	2838.5029296875	61517	2844.202392578125	32491	2846.935791015625	42054	2850.283203125	45206	2853.563232421875	52921	2855.7861328125	91783	2860.762939453125	73954	2865.68505859375	18028	2866.53955078125	
55823	992.3427124023438	53713	997.54248046875	30583	1012.855834960938	67630	1018.501342773438	91789	1041.66455078125	83416	1059.352661132812	75754	1059.3564453125	92836	1061.0146484375	75459	1066.943725585938	59078	1070.424194335938	46072	1075.693725585938	19753	1079.243286132812	21373	1082.245849609375	31100	1086.723999023438	298	1091.257080078125	61857	1098.018676757812	2071	1099.648559570312	50191	1101.018676757812	31692	1102.084350585938	13729	1103.691040039062	
33393	2073.35693359375	41216	3118.418701171875	65165	3121.225341796875	16882	3125.35400390625	21055	3128.167236328125	5790	3172.920654296875	11086	3197.706787109375	22936	3198.169677734375	21726	3201.186767578125	93161	3201.880615234375	22275	3204.764404296875	14516	3211.743896484375	52532	3224.509033203125	12597	3224.603271484375	16661	3234.35009765625	23466	3236.015625	64470	3236.72802734375	53223	3240.717041015625	1727	3241.372314453125	90023	3247.240478515625	
14490	1380.114501953125	21496	1390.801879882812	48013	1428.142456054688	35619	1456.534301757812	30913	1464.639526367188	82184	1500.981323242188	97768	1503.122436523438	13738	1504.760498046875	31831	1504.962768554688	32843	1509.213989257812	60836	1509.423095703125	62620	1521.9580078125	33810	1524.005615234375	42582	1525.796508789062	8190	1528.21923828125	62882	1529.148071289062	95461	1529.979125976562	98751	1536.468017578125	19905	1537.501220703125	71461	1546.427124023438	
55859	1319.585571289062	30057	1447.4443359375	42003	1477.109985351562	97434	1489.951049804688	28043	1503.193969726562	6132	1554.024169921875	92498	1560.998413085938	45960	1564.148315429688	47440	1564.6376953125	21904	1585.432739257812	66872	1590.431762695312	63624	1608.192138671875	48347	1615.168090820312	26084	1616.80029296875	84860	1627.181274414062	65345	1630.363159179688	36148	1631.396606445312	39763	1632.365112304688	94875	1637.800659179688	62559	1653.042602539062	
89674	552.1132202148438	47875	1232.90673828125	56815	1256.275390625	55435	1377.503540039062	50215	1402.464965820312	55699	1425.8271484375	88491	1439.631225585938	11955	1439.788818359375	79882	1458.6240234375	12879	1460.214721679688	31675	1463.151000976562	95142	1474.592529296875	56351	1475.04443359375	33335	1481.573852539062	96574	1483.3017578125	42725	1488.11962890625	12463	1495.079223632812	40815	1498.513549804688	4811	1501.161254882812	86791	1501.979736328125	
2893	1425.410522460938	98087	1434.90869140625	57225	1523.10009765625	25411	1589.582641601562	80062	1796.10498046875	49609	1865.12060546875	15733	1959.804565429688	16231	1975.374877929688	92717	1978.25146484375	15299	1999.270141601562	92289	2011.771362304688	54479	2019.792358398438	10001	2019.830200195312	84576	2037.168090820312	66545	2041.415161132812	8799	2055.494384765625	19396	2056.2763671875	9607	2057.2451171875	17596	2057.328125	69886	2067.111083984375	
29271	1940.280151367188	34980	3174.28466796875	82778	3200.673095703125	4269	3239.937744140625	60884	3250.732421875	89417	3318.11767578125	97124	3340.0361328125	34873	3354.58740234375	41094	3359.200927734375	780	3377.470703125	83589	3400.999755859375	77707	3401.21826171875	76199	3407.180908203125	31133	3408.6357421875	36675	3416.35107421875	73569	3423.05908203125	44669	3428.526123046875	80745	3433.519287109375	4658	3436.9013671875	66485	3437.851806640625	
22650	908.7387084960938	7469	2623.431640625	61504	2737.40673828125	71088	2796.850341796875	15296	2834.87109375	79655	2888.34716796875	93639	2916.389404296875	11970	2925.1845703125	82205	2930.846923828125	10762	2942.53515625	87438	2948.817138671875	41649	2961.368408203125	63893	2963.826171875	86191	2969.778564453125	46327	2971.7978515625	18475	2973.164794921875	83490	3001.95166015625	69655	3009.449951171875	7128	3016.957763671875	93680	3017.175048828125	
58388	966.8169555664062	62182	2024.318603515625	35500	2140.81884765625	47911	2160.569091796875	73145	2178.388671875	73559	2178.54736328125	96628	2189.25732421875	48012	2192.224853515625	66273	2221.010986328125	57707	2257.181884765625	80768	2259.282470703125	18788	2267.086669921875	46044	2268.3779296875	68365	2268.725830078125	76159	2270.543701171875	93506	2275.126708984375	33626	2281.9404296875	78562	2286.0791015625	55322	2294.613525390625	99105	2295.255859375	
95242	1513.054809570312	75502	1910.568481445312	16402	1980.32568359375	54842	1984.435668945312	79456	1989.399169921875	97127	2021.94140625	87033	2071.04736328125	84374	2081.316162109375	54602	2088.96923828125	34726	2102.9384765625	54341	2114.64794921875	18685	2120.629638671875	8783	2121.80078125	26063	2127.8759765625	80978	2134.473876953125	67213	2152.23974609375	9733	2154.954833984375	14922	2158.10009765625	39116	2159.7080078125	14014	2166.919189453125	
40755	1122.677124023438	98182	1180.491821289062	52580	1185.963745117188	58954	1200.319580078125	3652	1244.183227539062	61809	1255.295166015625	65954	1269.511352539062	90340	1271.9677734375	80264	1278.248046875	73865	1279.138793945312	67056	1286.6669921875	28685	1292.296020507812	90685	1293.462036132812	49677	1298.174438476562	4055	1301.361572265625	73288	1302.839965820312	34435	1303.15966796875	50415	1304.5224609375	92361	1306.982788085938	13111	1311.08203125	
87161	1204.125366210938	47042	1220.03564453125	55112	1227.911254882812	20428	1240.98388671875	90969	1243.765625	41193	1256.388916015625	99498	1262.578735351562	66563	1271.602905273438	96722	1274.536743164062	95466	1274.810913085938	32344	1277.738647460938	55535	1285.136596679688	63362	1293.570678710938	60353	1296.469848632812	98866	1304.171020507812	53595	1306.933837890625	62909	1312.122314453125	65336	1316.541625976562	46109	1318.9287109375	32351	1321.055297851562	
